{
  "directed": true,
  "multigraph": true,
  "graph": {
    "node": {
      "shape": "circle",
      "fontsize": "25"
    },
    "edge": {
      "arrowsize": "0.5",
      "splines": "true"
    },
    "graph": {
      "scale": "1",
      "splines": "spline",
      "rankdir": "LR",
      "ratio": "0.5",
      "overlap": "false"
    }
  },
  "nodes": [
    {
      "id": 0
    },
    {
      "id": 1
    },
    {
      "id": 2
    },
    {
      "id": 3
    },
    {
      "id": 4
    }
  ],
  "links": [
    {
      "pt": 8,
      "capacity": 1,
      "from_pd": 3,
      "to_pd": 8,
      "source": 0,
      "target": 1,
      "key": 0
    },
    {
      "pt": 10,
      "capacity": 1,
      "from_pd": 11,
      "to_pd": 12,
      "source": 0,
      "target": 1,
      "key": 1
    },
    {
      "pt": 6,
      "capacity": 1,
      "from_pd": 4,
      "to_pd": 0,
      "source": 0,
      "target": 1,
      "key": 2
    },
    {
      "pt": 7,
      "capacity": 1,
      "from_pd": 17,
      "to_pd": 10,
      "source": 0,
      "target": 2,
      "key": 0
    },
    {
      "pt": 9,
      "capacity": 1,
      "from_pd": 7,
      "to_pd": 6,
      "source": 1,
      "target": 2,
      "key": 0
    },
    {
      "pt": 1,
      "capacity": 1,
      "from_pd": 11,
      "to_pd": 0,
      "source": 1,
      "target": 4,
      "key": 0
    },
    {
      "pt": 15,
      "capacity": 1,
      "from_pd": 5,
      "to_pd": 8,
      "source": 2,
      "target": 3,
      "key": 0
    },
    {
      "pt": 18,
      "capacity": 1,
      "from_pd": 2,
      "to_pd": 6,
      "source": 2,
      "target": 0,
      "key": 0
    },
    {
      "pt": 6,
      "capacity": 1,
      "from_pd": 0,
      "to_pd": 6,
      "source": 3,
      "target": 1,
      "key": 0
    },
    {
      "pt": 6,
      "capacity": 1,
      "from_pd": 2,
      "to_pd": 9,
      "source": 3,
      "target": 1,
      "key": 1
    }
  ],

  "num_nodes": 5,
  "num_trans_site": 10,
  "flexible": true,
  "node_init_pos": 0,
  "num_node_veh":
    [1, 1, 1, 1, 1],
  "num_pds_in_node":
    [19, 13, 12, 10, 1],
  "node_from_to":
    [[[0, 16, 10, 27, 26, 26, 32, 6, 26, 21, 7, 20, 21, 7, 28, 32, 23, 22, 20],
      [16, 0, 14, 18, 11, 14, 28, 20, 10, 8, 16, 23, 10, 13, 16, 22, 13, 12, 18],
      [10, 14, 0, 19, 22, 19, 22, 9, 23, 16, 4, 11, 14, 3, 22, 23, 15, 14, 11],
      [27, 18, 19, 0, 13, 6, 13, 28, 16, 10, 22, 17, 8, 21, 6, 5, 5, 7, 11],
      [26, 11, 22, 13, 0, 8, 26, 29, 4, 6, 24, 26, 9, 22, 9, 16, 11, 10, 19],
      [26, 14, 19, 6, 8, 0, 19, 28, 11, 6, 23, 21, 6, 20, 3, 9, 5, 5, 14],
      [32, 28, 22, 13, 26, 19, 0, 30, 29, 22, 26, 14, 19, 25, 18, 12, 16, 17, 12],
      [6, 20, 9, 28, 29, 28, 30, 0, 29, 24, 6, 17, 23, 8, 30, 32, 24, 23, 19],
      [26, 10, 23, 16, 4, 11, 29, 29, 0, 8, 25, 28, 11, 22, 12, 20, 14, 13, 22],
      [21, 8, 16, 10, 6, 6, 22, 24, 8, 0, 19, 20, 4, 16, 9, 15, 6, 5, 14],
      [7, 16, 4, 22, 24, 23, 26, 6, 25, 19, 0, 14, 18, 3, 25, 27, 19, 18, 15],
      [20, 23, 11, 17, 26, 21, 14, 17, 28, 20, 14, 0, 17, 14, 22, 20, 16, 16, 7],
      [21, 10, 14, 8, 9, 6, 19, 23, 11, 4, 18, 17, 0, 15, 8, 13, 4, 2, 11],
      [7, 13, 3, 21, 22, 20, 25, 8, 22, 16, 3, 14, 15, 0, 23, 25, 17, 16, 14],
      [28, 16, 22, 6, 9, 3, 18, 30, 12, 9, 25, 22, 8, 23, 0, 8, 7, 8, 15],
      [32, 22, 23, 5, 16, 9, 12, 32, 20, 15, 27, 20, 13, 25, 8, 0, 10, 12, 14],
      [23, 13, 15, 5, 11, 5, 16, 24, 14, 6, 19, 16, 4, 17, 7, 10, 0, 2, 9],
      [22, 12, 14, 7, 10, 5, 17, 23, 13, 5, 18, 16, 2, 16, 8, 12, 2, 0, 10],
      [20, 18, 11, 11, 19, 14, 12, 19, 22, 14, 15, 7, 11, 14, 15, 14, 9, 10, 0]],
     [[0, 1, 11, 17, 6, 4, 18, 14, 24, 10, 25, 22, 8],
      [1, 0, 11, 17, 6, 4, 18, 14, 24, 10, 25, 22, 9],
      [11, 11, 0, 22, 12, 15, 21, 10, 25, 6, 26, 19, 19],
      [17, 17, 22, 0, 12, 16, 6, 16, 11, 17, 10, 15, 13],
      [6, 6, 12, 12, 0, 7, 13, 11, 19, 9, 19, 17, 8],
      [4, 4, 15, 16, 7, 0, 19, 17, 25, 13, 25, 24, 5],
      [18, 18, 21, 6, 13, 19, 0, 13, 7, 15, 7, 10, 17],
      [14, 14, 10, 16, 11, 17, 13, 0, 16, 5, 18, 10, 18],
      [24, 24, 25, 11, 19, 25, 7, 16, 0, 20, 3, 9, 23],
      [10, 10, 6, 17, 9, 13, 15, 5, 20, 0, 21, 14, 16],
      [25, 25, 26, 10, 19, 25, 7, 18, 3, 21, 0, 11, 23],
      [22, 22, 19, 15, 17, 24, 10, 10, 9, 14, 11, 0, 24],
      [8, 9, 19, 13, 8, 5, 17, 18, 23, 16, 23, 24, 0]],
     [[0, 22, 22, 14, 12, 22, 9, 12, 2, 20, 14, 20],
      [22, 0, 13, 10, 26, 6, 14, 15, 23, 3, 17, 3],
      [22, 13, 0, 9, 19, 18, 17, 10, 23, 12, 24, 11],
      [14, 10, 9, 0, 16, 13, 9, 5, 15, 9, 16, 8],
      [12, 26, 19, 16, 0, 28, 17, 11, 13, 24, 24, 23],
      [22, 6, 18, 13, 28, 0, 13, 18, 22, 6, 13, 7],
      [9, 14, 17, 9, 17, 13, 0, 10, 10, 12, 9, 12],
      [12, 15, 10, 5, 11, 18, 10, 0, 13, 13, 18, 13],
      [2, 23, 23, 15, 13, 22, 10, 13, 0, 21, 14, 21],
      [20, 3, 12, 9, 24, 6, 12, 13, 21, 0, 15, 2],
      [14, 17, 24, 16, 24, 13, 9, 18, 14, 15, 0, 16],
      [20, 3, 11, 8, 23, 7, 12, 13, 21, 2, 16, 0]],
     [[0, 13, 9, 13, 16, 3, 2, 14, 21, 20],
      [13, 0, 11, 13, 10, 15, 14, 18, 13, 8],
      [9, 11, 0, 5, 9, 8, 9, 8, 14, 16],
      [13, 13, 5, 0, 6, 13, 13, 7, 10, 16],
      [16, 10, 9, 6, 0, 16, 16, 12, 5, 11],
      [3, 15, 8, 13, 16, 0, 2, 12, 21, 22],
      [2, 14, 9, 13, 16, 2, 0, 13, 21, 21],
      [14, 18, 8, 7, 12, 12, 13, 0, 16, 22],
      [21, 13, 14, 10, 5, 21, 21, 16, 0, 11],
      [20, 8, 16, 16, 11, 22, 21, 22, 11, 0]],
     [[0]]],
  "trans_sites":
    [[0, 3, 1, 8, 8, 1],
     [0, 11, 1, 12, 8, 1],
     [0, 4, 1, 0, 8, 1],
     [0, 17, 2, 10, 7, 1],
     [1, 7, 2, 6, 9, 1],
     [1, 11, 4, 0, 1, 1],
     [2, 5, 3, 8, 15, 1],
     [2, 2, 0, 6, 18, 1],
     [3, 0, 1, 6, 6, 1],
     [3, 2, 1, 9, 6, 1]]
}