{
  "directed": true,
  "multigraph": true,
  "graph": {
    "node": {
      "shape": "circle",
      "fontsize": "25"
    },
    "edge": {
      "arrowsize": "0.5",
      "splines": "true"
    },
    "graph": {
      "scale": "1",
      "splines": "spline",
      "rankdir": "LR",
      "ratio": "0.5",
      "overlap": "false"
    }
  },
  "nodes": [
    {
      "id": 0
    },
    {
      "id": 1
    },
    {
      "id": 2
    },
    {
      "id": 3
    },
    {
      "id": 4
    }
  ],
  "links": [
    {
      "pt": 19,
      "capacity": 1,
      "from_pd": 11,
      "to_pd": 7,
      "source": 0,
      "target": 1,
      "key": 0
    },
    {
      "pt": 3,
      "capacity": 1,
      "from_pd": 7,
      "to_pd": 6,
      "source": 0,
      "target": 1,
      "key": 1
    },
    {
      "pt": 15,
      "capacity": 1,
      "from_pd": 3,
      "to_pd": 6,
      "source": 0,
      "target": 2,
      "key": 0
    },
    {
      "pt": 2,
      "capacity": 1,
      "from_pd": 1,
      "to_pd": 3,
      "source": 1,
      "target": 3,
      "key": 0
    },
    {
      "pt": 1,
      "capacity": 1,
      "from_pd": 1,
      "to_pd": 2,
      "source": 2,
      "target": 1,
      "key": 0
    },
    {
      "pt": 8,
      "capacity": 1,
      "from_pd": 8,
      "to_pd": 0,
      "source": 2,
      "target": 1,
      "key": 1
    },
    {
      "pt": 10,
      "capacity": 1,
      "from_pd": 5,
      "to_pd": 8,
      "source": 2,
      "target": 0,
      "key": 0
    },
    {
      "pt": 7,
      "capacity": 1,
      "from_pd": 0,
      "to_pd": 4,
      "source": 3,
      "target": 2,
      "key": 0
    },
    {
      "pt": 10,
      "capacity": 1,
      "from_pd": 2,
      "to_pd": 1,
      "source": 3,
      "target": 4,
      "key": 0
    },
    {
      "pt": 20,
      "capacity": 1,
      "from_pd": 0,
      "to_pd": 1,
      "source": 4,
      "target": 3,
      "key": 0
    }
  ],

  "num_nodes": 5,
  "num_trans_site": 10,
  "flexible": true,
  "node_init_pos": 0,
  "num_node_veh":
    [1, 1, 1, 1, 1],
  "num_pds_in_node":
    [13, 10, 9, 4, 2],
  "node_from_to":
    [[[0, 15, 19, 10, 13, 4, 6, 5, 13, 7, 20, 3, 12],
      [15, 0, 7, 18, 5, 17, 20, 20, 3, 10, 12, 17, 24],
      [19, 7, 0, 18, 12, 22, 24, 23, 10, 16, 6, 21, 25],
      [10, 18, 18, 0, 18, 13, 12, 9, 17, 14, 16, 9, 7],
      [13, 5, 12, 18, 0, 14, 18, 18, 2, 7, 16, 15, 24],
      [4, 17, 22, 13, 14, 0, 5, 6, 15, 8, 23, 5, 14],
      [6, 20, 24, 12, 18, 5, 0, 3, 18, 11, 25, 4, 11],
      [5, 20, 23, 9, 18, 6, 3, 0, 18, 11, 23, 3, 9],
      [13, 3, 10, 17, 2, 15, 18, 18, 0, 8, 14, 15, 23],
      [7, 10, 16, 14, 7, 8, 11, 11, 8, 0, 18, 9, 18],
      [20, 12, 6, 16, 16, 23, 25, 23, 14, 18, 0, 21, 23],
      [3, 17, 21, 9, 15, 5, 4, 3, 15, 9, 21, 0, 11],
      [12, 24, 25, 7, 24, 14, 11, 9, 23, 18, 23, 11, 0]],
     [[0, 7, 10, 7, 7, 5, 10, 11, 9, 7],
      [7, 0, 16, 11, 2, 5, 14, 18, 10, 11],
      [10, 16, 0, 8, 17, 13, 8, 2, 13, 8],
      [7, 11, 8, 0, 12, 7, 4, 9, 6, 1],
      [7, 2, 17, 12, 0, 6, 15, 18, 11, 12],
      [5, 5, 13, 7, 6, 0, 10, 15, 6, 7],
      [10, 14, 8, 4, 15, 10, 0, 9, 7, 3],
      [11, 18, 2, 9, 18, 15, 9, 0, 15, 10],
      [9, 10, 13, 6, 11, 6, 7, 15, 0, 5],
      [7, 11, 8, 1, 12, 7, 3, 10, 5, 0]],
     [[0, 2, 19, 15, 16, 20, 18, 3, 12],
      [2, 0, 17, 14, 14, 18, 17, 2, 11],
      [19, 17, 0, 5, 18, 11, 2, 16, 23],
      [15, 14, 5, 0, 18, 13, 4, 12, 21],
      [16, 14, 18, 18, 0, 10, 18, 14, 8],
      [20, 18, 11, 13, 10, 0, 12, 17, 17],
      [18, 17, 2, 4, 18, 12, 0, 15, 23],
      [3, 2, 16, 12, 14, 17, 15, 0, 12],
      [12, 11, 23, 21, 8, 17, 23, 12, 0]],
     [[0, 12, 10, 9], [12, 0, 10, 6], [10, 10, 0, 12], [9, 6, 12, 0]],
     [[0, 5], [5, 0]]],
  "trans_sites":
    [[0, 11, 1, 7, 19, 1],
     [0, 7, 1, 6, 19, 1],
     [0, 3, 2, 6, 15, 1],
     [1, 1, 3, 3, 2, 1],
     [2, 1, 1, 2, 1, 1],
     [2, 8, 1, 0, 1, 1],
     [2, 5, 0, 8, 10, 1],
     [3, 0, 2, 4, 7, 1],
     [3, 2, 4, 1, 10, 1],
     [4, 0, 3, 1, 20, 1]]
}