{
  "directed": true,
  "multigraph": true,
  "graph": {
    "node": {
      "shape": "circle",
      "fontsize": "25"
    },
    "edge": {
      "arrowsize": "0.5",
      "splines": "true"
    },
    "graph": {
      "scale": "1",
      "splines": "spline",
      "rankdir": "LR",
      "ratio": "0.5",
      "overlap": "false"
    }
  },
  "nodes": [
    {
      "id": 0
    },
    {
      "id": 1
    },
    {
      "id": 2
    },
    {
      "id": 3
    },
    {
      "id": 4
    }
  ],
  "links": [
    {
      "pt": 19,
      "capacity": 1,
      "from_pd": 10,
      "to_pd": 9,
      "source": 0,
      "target": 1,
      "key": 0
    },
    {
      "pt": 14,
      "capacity": 1,
      "from_pd": 4,
      "to_pd": 2,
      "source": 0,
      "target": 3,
      "key": 0
    },
    {
      "pt": 1,
      "capacity": 1,
      "from_pd": 11,
      "to_pd": 3,
      "source": 0,
      "target": 2,
      "key": 0
    },
    {
      "pt": 10,
      "capacity": 1,
      "from_pd": 5,
      "to_pd": 4,
      "source": 1,
      "target": 3,
      "key": 0
    },
    {
      "pt": 3,
      "capacity": 1,
      "from_pd": 5,
      "to_pd": 2,
      "source": 2,
      "target": 1,
      "key": 0
    },
    {
      "pt": 19,
      "capacity": 1,
      "from_pd": 1,
      "to_pd": 0,
      "source": 2,
      "target": 4,
      "key": 0
    },
    {
      "pt": 4,
      "capacity": 1,
      "from_pd": 7,
      "to_pd": 3,
      "source": 2,
      "target": 3,
      "key": 0
    },
    {
      "pt": 1,
      "capacity": 1,
      "from_pd": 5,
      "to_pd": 12,
      "source": 3,
      "target": 0,
      "key": 0
    },
    {
      "pt": 8,
      "capacity": 1,
      "from_pd": 0,
      "to_pd": 3,
      "source": 3,
      "target": 0,
      "key": 1
    },
    {
      "pt": 15,
      "capacity": 1,
      "from_pd": 1,
      "to_pd": 6,
      "source": 3,
      "target": 2,
      "key": 0
    }
  ],

  "num_nodes": 5,
  "num_trans_site": 10,
  "flexible": true,
  "node_init_pos": 0,
  "num_node_veh":
    [1, 1, 1, 1, 1],
  "num_pds_in_node":
    [17, 13, 8, 7, 1],
  "node_from_to":
    [[[0, 22, 28, 23, 31, 21, 4, 28, 13, 20, 16, 13, 26, 10, 8, 19, 18],
      [22, 0, 8, 5, 13, 5, 19, 24, 16, 17, 9, 14, 7, 15, 25, 21, 20],
      [28, 8, 0, 7, 8, 9, 26, 24, 21, 19, 16, 21, 4, 22, 31, 24, 23],
      [23, 5, 7, 0, 9, 2, 20, 20, 15, 14, 12, 17, 4, 17, 25, 18, 17],
      [31, 13, 8, 9, 0, 11, 29, 18, 21, 17, 21, 26, 7, 26, 32, 22, 21],
      [21, 5, 9, 2, 11, 0, 18, 19, 13, 13, 11, 16, 6, 16, 23, 17, 16],
      [4, 19, 26, 20, 29, 18, 0, 28, 12, 19, 13, 10, 24, 8, 10, 18, 18],
      [28, 24, 24, 20, 18, 19, 28, 0, 16, 9, 28, 31, 21, 30, 24, 10, 11],
      [13, 16, 21, 15, 21, 13, 12, 16, 0, 8, 16, 18, 18, 16, 11, 7, 6],
      [20, 17, 19, 14, 17, 13, 19, 9, 8, 0, 20, 23, 16, 22, 18, 5, 5],
      [16, 9, 16, 12, 21, 11, 13, 28, 16, 20, 0, 6, 15, 7, 21, 22, 21],
      [13, 14, 21, 17, 26, 16, 10, 31, 18, 23, 6, 0, 20, 3, 20, 24, 23],
      [26, 7, 4, 4, 7, 6, 24, 21, 18, 16, 15, 20, 0, 21, 28, 21, 20],
      [10, 15, 22, 17, 26, 16, 8, 30, 16, 22, 7, 3, 21, 0, 17, 22, 21],
      [8, 25, 31, 25, 32, 23, 10, 24, 11, 18, 21, 20, 28, 17, 0, 15, 14],
      [19, 21, 24, 18, 22, 17, 18, 10, 7, 5, 22, 24, 21, 22, 15, 0, 2],
      [18, 20, 23, 17, 21, 16, 18, 11, 6, 5, 21, 23, 20, 21, 14, 2, 0]],
     [[0, 21, 13, 13, 9, 11, 19, 5, 11, 12, 17, 22, 5],
      [21, 0, 26, 11, 14, 16, 15, 24, 12, 25, 7, 23, 16],
      [13, 26, 0, 15, 20, 10, 16, 17, 21, 1, 20, 13, 13],
      [13, 11, 15, 0, 12, 6, 8, 18, 12, 15, 5, 15, 9],
      [9, 14, 20, 12, 0, 13, 20, 10, 3, 19, 14, 25, 7],
      [11, 16, 10, 6, 13, 0, 9, 16, 14, 10, 10, 12, 7],
      [19, 15, 16, 8, 20, 9, 0, 24, 20, 16, 9, 9, 15],
      [5, 24, 17, 18, 10, 16, 24, 0, 13, 16, 22, 27, 10],
      [11, 12, 21, 12, 3, 14, 20, 13, 0, 21, 13, 26, 9],
      [12, 25, 1, 15, 19, 10, 16, 16, 21, 0, 20, 14, 12],
      [17, 7, 20, 5, 14, 10, 9, 22, 13, 20, 0, 17, 13],
      [22, 23, 13, 15, 25, 12, 9, 27, 26, 14, 17, 0, 19],
      [5, 16, 13, 9, 7, 7, 15, 10, 9, 12, 13, 19, 0]],
     [[0, 10, 9, 13, 9, 12, 8, 9],
      [10, 0, 13, 13, 18, 4, 14, 3],
      [9, 13, 0, 6, 13, 16, 4, 11],
      [13, 13, 6, 0, 19, 16, 9, 11],
      [9, 18, 13, 19, 0, 20, 10, 17],
      [12, 4, 16, 16, 20, 0, 17, 6],
      [8, 14, 4, 9, 10, 17, 0, 12],
      [9, 3, 11, 11, 17, 6, 12, 0]],
     [[0, 3, 6, 4, 10, 6, 12],
      [3, 0, 8, 2, 12, 7, 14],
      [6, 8, 0, 9, 7, 8, 7],
      [4, 2, 9, 0, 14, 6, 14],
      [10, 12, 7, 14, 0, 15, 10],
      [6, 7, 8, 6, 15, 0, 11],
      [12, 14, 7, 14, 10, 11, 0]],
     [[0]]],
  "trans_sites":
    [[0, 10, 1, 9, 19, 1],
     [0, 4, 3, 2, 14, 1],
     [0, 11, 2, 3, 1, 1],
     [1, 5, 3, 4, 10, 1],
     [2, 5, 1, 2, 3, 1],
     [2, 1, 4, 0, 19, 1],
     [2, 7, 3, 3, 4, 1],
     [3, 5, 0, 12, 1, 1],
     [3, 0, 0, 3, 1, 1],
     [3, 1, 2, 6, 15, 1]]
}