{
  "directed": true,
  "multigraph": true,
  "graph": {
    "node": {
      "shape": "circle",
      "fontsize": "25"
    },
    "edge": {
      "arrowsize": "0.5",
      "splines": "true"
    },
    "graph": {
      "scale": "1",
      "splines": "spline",
      "rankdir": "LR",
      "ratio": "0.5",
      "overlap": "false"
    }
  },
  "nodes": [
    {
      "id": 0
    },
    {
      "id": 1
    },
    {
      "id": 2
    },
    {
      "id": 3
    },
    {
      "id": 4
    }
  ],
  "links": [
    {
      "pt": 14,
      "capacity": 1,
      "from_pd": 12,
      "to_pd": 1,
      "source": 0,
      "target": 1,
      "key": 0
    },
    {
      "pt": 10,
      "capacity": 1,
      "from_pd": 6,
      "to_pd": 6,
      "source": 0,
      "target": 1,
      "key": 1
    },
    {
      "pt": 4,
      "capacity": 1,
      "from_pd": 14,
      "to_pd": 3,
      "source": 0,
      "target": 2,
      "key": 0
    },
    {
      "pt": 2,
      "capacity": 1,
      "from_pd": 11,
      "to_pd": 0,
      "source": 0,
      "target": 3,
      "key": 0
    },
    {
      "pt": 3,
      "capacity": 1,
      "from_pd": 10,
      "to_pd": 7,
      "source": 1,
      "target": 0,
      "key": 0
    },
    {
      "pt": 4,
      "capacity": 1,
      "from_pd": 0,
      "to_pd": 1,
      "source": 2,
      "target": 3,
      "key": 0
    },
    {
      "pt": 9,
      "capacity": 1,
      "from_pd": 10,
      "to_pd": 1,
      "source": 2,
      "target": 4,
      "key": 0
    },
    {
      "pt": 5,
      "capacity": 1,
      "from_pd": 4,
      "to_pd": 1,
      "source": 2,
      "target": 0,
      "key": 0
    },
    {
      "pt": 1,
      "capacity": 1,
      "from_pd": 2,
      "to_pd": 2,
      "source": 3,
      "target": 2,
      "key": 0
    },
    {
      "pt": 16,
      "capacity": 1,
      "from_pd": 0,
      "to_pd": 8,
      "source": 4,
      "target": 0,
      "key": 0
    }
  ],

  "num_nodes": 5,
  "num_trans_site": 10,
  "flexible": true,
  "node_init_pos": 0,
  "num_node_veh":
    [1, 1, 1, 1, 1],
  "num_pds_in_node":
    [15, 13, 11, 4, 2],
  "node_from_to":
    [[[0, 10, 4, 11, 9, 6, 11, 23, 11, 12, 9, 12, 20, 4, 8],
      [10, 0, 13, 3, 4, 9, 4, 17, 18, 17, 11, 16, 10, 12, 11],
      [4, 13, 0, 14, 12, 10, 14, 23, 7, 9, 8, 9, 22, 1, 11],
      [11, 3, 14, 0, 3, 8, 1, 19, 20, 19, 13, 18, 11, 14, 10],
      [9, 4, 12, 3, 0, 5, 3, 21, 18, 18, 13, 17, 13, 12, 7],
      [6, 9, 10, 8, 5, 0, 7, 25, 17, 18, 14, 17, 18, 10, 3],
      [11, 4, 14, 1, 3, 7, 0, 20, 20, 20, 14, 19, 12, 14, 9],
      [23, 17, 23, 19, 21, 25, 20, 0, 25, 20, 16, 19, 13, 23, 27],
      [11, 18, 7, 20, 18, 17, 20, 25, 0, 6, 10, 7, 27, 7, 18],
      [12, 17, 9, 19, 18, 18, 20, 20, 6, 0, 7, 2, 24, 9, 20],
      [9, 11, 8, 13, 13, 14, 14, 16, 10, 7, 0, 5, 18, 8, 16],
      [12, 16, 9, 18, 17, 17, 19, 19, 7, 2, 5, 0, 22, 9, 19],
      [20, 10, 22, 11, 13, 18, 12, 13, 27, 24, 18, 22, 0, 22, 20],
      [4, 12, 1, 14, 12, 10, 14, 23, 7, 9, 8, 9, 22, 0, 11],
      [8, 11, 11, 10, 7, 3, 9, 27, 18, 20, 16, 19, 20, 11, 0]],
     [[0, 6, 16, 18, 25, 23, 21, 25, 24, 12, 23, 10, 20],
      [6, 0, 14, 12, 21, 18, 15, 21, 20, 6, 18, 8, 17],
      [16, 14, 0, 15, 13, 21, 21, 13, 13, 16, 25, 7, 7],
      [18, 12, 15, 0, 13, 7, 6, 13, 12, 7, 11, 12, 12],
      [25, 21, 13, 13, 0, 16, 18, 1, 2, 19, 23, 16, 6],
      [23, 18, 21, 7, 16, 0, 4, 15, 14, 12, 8, 18, 17],
      [21, 15, 21, 6, 18, 4, 0, 18, 17, 10, 5, 17, 18],
      [25, 21, 13, 13, 1, 15, 18, 0, 2, 18, 22, 15, 6],
      [24, 20, 13, 12, 2, 14, 17, 2, 0, 18, 21, 15, 6],
      [12, 6, 16, 7, 19, 12, 10, 18, 18, 0, 12, 10, 16],
      [23, 18, 25, 11, 23, 8, 5, 22, 21, 12, 0, 20, 23],
      [10, 8, 7, 12, 16, 18, 17, 15, 15, 10, 20, 0, 10],
      [20, 17, 7, 12, 6, 17, 18, 6, 6, 16, 23, 10, 0]],
     [[0, 22, 22, 21, 16, 7, 21, 26, 13, 12, 9],
      [22, 0, 14, 6, 8, 20, 12, 6, 16, 19, 16],
      [22, 14, 0, 8, 9, 16, 24, 13, 10, 12, 21],
      [21, 6, 8, 0, 5, 17, 17, 7, 12, 15, 17],
      [16, 8, 9, 5, 0, 12, 16, 11, 8, 11, 13],
      [7, 20, 16, 17, 12, 0, 22, 23, 7, 5, 12],
      [21, 12, 24, 17, 16, 22, 0, 18, 22, 24, 12],
      [26, 6, 13, 7, 11, 23, 18, 0, 18, 21, 22],
      [13, 16, 10, 12, 8, 7, 22, 18, 0, 3, 15],
      [12, 19, 12, 15, 11, 5, 24, 21, 3, 0, 15],
      [9, 16, 21, 17, 13, 12, 12, 22, 15, 15, 0]],
     [[0, 16, 18, 6], [16, 0, 3, 11], [18, 3, 0, 13], [6, 11, 13, 0]],
     [[0, 6], [6, 0]]],
  "trans_sites":
    [[0, 12, 1, 1, 14, 1],
     [0, 6, 1, 6, 14, 1],
     [0, 14, 2, 3, 4, 1],
     [0, 11, 3, 0, 2, 1],
     [1, 10, 0, 7, 3, 1],
     [2, 0, 3, 1, 4, 1],
     [2, 10, 4, 1, 9, 1],
     [2, 4, 0, 1, 5, 1],
     [3, 2, 2, 2, 1, 1],
     [4, 0, 0, 8, 16, 1]]
}