{
  "directed": true,
  "multigraph": true,
  "graph": {
    "node": {
      "shape": "circle",
      "fontsize": "25"
    },
    "edge": {
      "arrowsize": "0.5",
      "splines": "true"
    },
    "graph": {
      "scale": "1",
      "splines": "spline",
      "rankdir": "LR",
      "ratio": "0.5",
      "overlap": "false"
    }
  },
  "nodes": [
    {
      "id": 0
    },
    {
      "id": 1
    },
    {
      "id": 2
    },
    {
      "id": 3
    },
    {
      "id": 4
    }
  ],
  "links": [
    {
      "pt": 11,
      "capacity": 1,
      "from_pd": 2,
      "to_pd": 2,
      "source": 0,
      "target": 1,
      "key": 0
    },
    {
      "pt": 3,
      "capacity": 1,
      "from_pd": 9,
      "to_pd": 0,
      "source": 0,
      "target": 1,
      "key": 1
    },
    {
      "pt": 16,
      "capacity": 1,
      "from_pd": 10,
      "to_pd": 3,
      "source": 0,
      "target": 2,
      "key": 0
    },
    {
      "pt": 17,
      "capacity": 1,
      "from_pd": 1,
      "to_pd": 10,
      "source": 1,
      "target": 2,
      "key": 0
    },
    {
      "pt": 10,
      "capacity": 1,
      "from_pd": 4,
      "to_pd": 1,
      "source": 1,
      "target": 4,
      "key": 0
    },
    {
      "pt": 12,
      "capacity": 1,
      "from_pd": 0,
      "to_pd": 12,
      "source": 3,
      "target": 1,
      "key": 0
    },
    {
      "pt": 13,
      "capacity": 1,
      "from_pd": 1,
      "to_pd": 5,
      "source": 3,
      "target": 1,
      "key": 1
    },
    {
      "pt": 8,
      "capacity": 1,
      "from_pd": 3,
      "to_pd": 8,
      "source": 3,
      "target": 0,
      "key": 0
    },
    {
      "pt": 19,
      "capacity": 1,
      "from_pd": 2,
      "to_pd": 5,
      "source": 3,
      "target": 2,
      "key": 0
    },
    {
      "pt": 15,
      "capacity": 1,
      "from_pd": 0,
      "to_pd": 9,
      "source": 4,
      "target": 1,
      "key": 0
    }
  ],

  "num_nodes": 5,
  "num_trans_site": 10,
  "flexible": true,
  "node_init_pos": 0,
  "num_node_veh":
    [1, 1, 1, 1, 1],
  "num_pds_in_node":
    [13, 13, 11, 4, 3],
  "node_from_to":
    [[[0, 16, 13, 20, 6, 13, 6, 6, 17, 15, 5, 12, 19],
      [16, 0, 7, 20, 21, 5, 12, 13, 9, 25, 20, 7, 10],
      [13, 7, 0, 24, 18, 8, 8, 8, 15, 25, 15, 10, 16],
      [20, 20, 24, 0, 21, 16, 21, 23, 11, 12, 23, 14, 12],
      [6, 21, 18, 21, 0, 17, 11, 11, 21, 14, 5, 17, 23],
      [13, 5, 8, 16, 17, 0, 9, 11, 7, 21, 17, 3, 9],
      [6, 12, 8, 21, 11, 9, 0, 3, 15, 20, 8, 10, 17],
      [6, 13, 8, 23, 11, 11, 3, 0, 17, 21, 8, 12, 19],
      [17, 9, 15, 11, 21, 7, 15, 17, 0, 19, 21, 6, 2],
      [15, 25, 25, 12, 14, 21, 20, 21, 19, 0, 18, 18, 21],
      [5, 20, 15, 23, 5, 17, 8, 8, 21, 18, 0, 16, 23],
      [12, 7, 10, 14, 17, 3, 10, 12, 6, 18, 16, 0, 7],
      [19, 10, 16, 12, 23, 9, 17, 19, 2, 21, 23, 7, 0]],
     [[0, 2, 8, 5, 4, 12, 16, 5, 8, 5, 14, 13, 19],
      [2, 0, 6, 4, 3, 14, 16, 5, 7, 4, 14, 14, 20],
      [8, 6, 0, 6, 5, 19, 19, 8, 5, 7, 17, 16, 26],
      [5, 4, 6, 0, 6, 16, 14, 9, 3, 2, 12, 11, 23],
      [4, 3, 5, 6, 0, 15, 19, 4, 7, 6, 17, 16, 22],
      [12, 14, 19, 16, 15, 0, 18, 13, 19, 15, 16, 17, 7],
      [16, 16, 19, 14, 19, 18, 0, 20, 15, 13, 3, 4, 23],
      [5, 5, 8, 9, 4, 13, 20, 0, 11, 9, 18, 18, 20],
      [8, 7, 5, 3, 7, 19, 15, 11, 0, 5, 13, 12, 26],
      [5, 4, 7, 2, 6, 15, 13, 9, 5, 0, 11, 10, 21],
      [14, 14, 17, 12, 17, 16, 3, 18, 13, 11, 0, 3, 21],
      [13, 14, 16, 11, 16, 17, 4, 18, 12, 10, 3, 0, 23],
      [19, 20, 26, 23, 22, 7, 23, 20, 26, 21, 21, 23, 0]],
     [[0, 18, 13, 12, 15, 9, 10, 6, 14, 10, 1],
      [18, 0, 20, 11, 23, 16, 18, 19, 12, 12, 17],
      [13, 20, 0, 21, 3, 21, 4, 18, 9, 19, 13],
      [12, 11, 21, 0, 24, 6, 18, 10, 16, 3, 11],
      [15, 23, 3, 24, 0, 23, 7, 20, 12, 22, 15],
      [9, 16, 21, 6, 23, 0, 17, 5, 18, 5, 9],
      [10, 18, 4, 18, 7, 17, 0, 15, 8, 16, 10],
      [6, 19, 18, 10, 20, 5, 15, 0, 18, 8, 5],
      [14, 12, 9, 16, 12, 18, 8, 18, 0, 15, 14],
      [10, 12, 19, 3, 22, 5, 16, 8, 15, 0, 9],
      [1, 17, 13, 11, 15, 9, 10, 5, 14, 9, 0]],
     [[0, 13, 14, 13], [13, 0, 5, 1], [14, 5, 0, 6], [13, 1, 6, 0]],
     [[0, 7, 2], [7, 0, 8], [2, 8, 0]]],
  "trans_sites":
    [[0, 2, 1, 2, 11, 1],
     [0, 9, 1, 0, 11, 1],
     [0, 10, 2, 3, 16, 1],
     [1, 1, 2, 10, 17, 1],
     [1, 4, 4, 1, 10, 1],
     [3, 0, 1, 12, 12, 1],
     [3, 1, 1, 5, 12, 1],
     [3, 3, 0, 8, 8, 1],
     [3, 2, 2, 5, 19, 1],
     [4, 0, 1, 9, 15, 1]]
}