{
  "directed": true,
  "multigraph": true,
  "graph": {
    "node": {
      "shape": "circle",
      "fontsize": "25"
    },
    "edge": {
      "arrowsize": "0.5",
      "splines": "true"
    },
    "graph": {
      "scale": "1",
      "splines": "spline",
      "rankdir": "LR",
      "ratio": "0.5",
      "overlap": "false"
    }
  },
  "nodes": [
    {
      "id": 0
    },
    {
      "id": 1
    },
    {
      "id": 2
    },
    {
      "id": 3
    },
    {
      "id": 4
    }
  ],
  "links": [
    {
      "pt": 4,
      "capacity": 1,
      "from_pd": 8,
      "to_pd": 4,
      "source": 0,
      "target": 3,
      "key": 0
    },
    {
      "pt": 10,
      "capacity": 1,
      "from_pd": 9,
      "to_pd": 0,
      "source": 1,
      "target": 0,
      "key": 0
    },
    {
      "pt": 13,
      "capacity": 1,
      "from_pd": 3,
      "to_pd": 10,
      "source": 1,
      "target": 0,
      "key": 1
    },
    {
      "pt": 7,
      "capacity": 1,
      "from_pd": 10,
      "to_pd": 11,
      "source": 2,
      "target": 0,
      "key": 0
    },
    {
      "pt": 15,
      "capacity": 1,
      "from_pd": 8,
      "to_pd": 14,
      "source": 2,
      "target": 0,
      "key": 1
    },
    {
      "pt": 20,
      "capacity": 1,
      "from_pd": 9,
      "to_pd": 3,
      "source": 3,
      "target": 4,
      "key": 0
    },
    {
      "pt": 7,
      "capacity": 1,
      "from_pd": 1,
      "to_pd": 4,
      "source": 3,
      "target": 4,
      "key": 1
    },
    {
      "pt": 16,
      "capacity": 1,
      "from_pd": 5,
      "to_pd": 5,
      "source": 3,
      "target": 0,
      "key": 0
    },
    {
      "pt": 8,
      "capacity": 1,
      "from_pd": 7,
      "to_pd": 11,
      "source": 3,
      "target": 2,
      "key": 0
    },
    {
      "pt": 5,
      "capacity": 1,
      "from_pd": 1,
      "to_pd": 10,
      "source": 4,
      "target": 1,
      "key": 0
    }
  ],

  "num_nodes": 5,
  "num_trans_site": 10,
  "flexible": true,
  "node_init_pos": 0,
  "num_node_veh":
    [1, 1, 1, 1, 1],
  "num_pds_in_node":
    [15, 15, 13, 10, 6],
  "node_from_to":
    [[[0, 25, 19, 18, 26, 35, 25, 8, 12, 27, 3, 12, 25, 12, 13],
      [25, 0, 20, 8, 2, 10, 13, 20, 18, 7, 23, 17, 1, 16, 19],
      [19, 20, 0, 16, 19, 26, 29, 21, 23, 17, 19, 22, 20, 21, 7],
      [18, 8, 16, 0, 8, 17, 13, 13, 12, 11, 16, 11, 7, 10, 13],
      [26, 2, 19, 8, 0, 10, 15, 21, 19, 5, 24, 18, 2, 17, 19],
      [35, 10, 26, 17, 10, 0, 20, 30, 28, 10, 33, 27, 11, 26, 27],
      [25, 13, 29, 13, 15, 20, 0, 17, 13, 20, 22, 13, 13, 13, 25],
      [8, 20, 21, 13, 21, 30, 17, 0, 5, 24, 5, 5, 20, 5, 14],
      [12, 18, 23, 12, 19, 28, 13, 5, 0, 23, 10, 2, 18, 3, 17],
      [27, 7, 17, 11, 5, 10, 20, 24, 23, 0, 25, 21, 7, 21, 18],
      [3, 23, 19, 16, 24, 33, 22, 5, 10, 25, 0, 10, 23, 9, 13],
      [12, 17, 22, 11, 18, 27, 13, 5, 2, 21, 10, 0, 17, 1, 16],
      [25, 1, 20, 7, 2, 11, 13, 20, 18, 7, 23, 17, 0, 16, 19],
      [12, 16, 21, 10, 17, 26, 13, 5, 3, 21, 9, 1, 16, 0, 15],
      [13, 19, 7, 13, 19, 27, 25, 14, 17, 18, 13, 16, 19, 15, 0]],
     [[0, 22, 11, 27, 4, 21, 15, 19, 20, 25, 17, 19, 17, 9, 24],
      [22, 0, 12, 5, 22, 12, 11, 12, 10, 7, 15, 5, 15, 14, 5],
      [11, 12, 0, 17, 10, 11, 10, 14, 9, 16, 9, 10, 14, 4, 15],
      [27, 5, 17, 0, 26, 15, 14, 14, 14, 5, 19, 8, 17, 19, 4],
      [4, 22, 10, 26, 0, 19, 16, 20, 18, 25, 14, 19, 19, 9, 24],
      [21, 12, 11, 15, 19, 0, 18, 21, 3, 18, 6, 14, 22, 15, 16],
      [15, 11, 10, 14, 16, 18, 0, 5, 16, 12, 18, 7, 4, 9, 11],
      [19, 12, 14, 14, 20, 21, 5, 0, 19, 10, 22, 8, 4, 13, 11],
      [20, 10, 9, 14, 18, 3, 16, 19, 0, 16, 6, 12, 20, 13, 14],
      [25, 7, 16, 5, 25, 18, 12, 10, 16, 0, 21, 7, 13, 17, 2],
      [17, 15, 9, 19, 14, 6, 18, 22, 6, 21, 0, 16, 22, 13, 19],
      [19, 5, 10, 8, 19, 14, 7, 8, 12, 7, 16, 0, 10, 11, 6],
      [17, 15, 14, 17, 19, 22, 4, 4, 20, 13, 22, 10, 0, 11, 14],
      [9, 14, 4, 19, 9, 15, 9, 13, 13, 17, 13, 11, 11, 0, 16],
      [24, 5, 15, 4, 24, 16, 11, 11, 14, 2, 19, 6, 14, 16, 0]],
     [[0, 24, 22, 5, 8, 19, 22, 19, 10, 7, 7, 19, 18],
      [24, 0, 15, 23, 21, 12, 5, 5, 14, 25, 23, 5, 19],
      [22, 15, 0, 24, 16, 23, 11, 12, 15, 20, 26, 13, 7],
      [5, 23, 24, 0, 12, 15, 21, 18, 11, 12, 2, 19, 21],
      [8, 21, 16, 12, 0, 20, 18, 16, 9, 5, 14, 17, 11],
      [19, 12, 23, 15, 20, 0, 14, 11, 13, 23, 15, 11, 24],
      [22, 5, 11, 21, 18, 14, 0, 4, 12, 22, 22, 4, 15],
      [19, 5, 12, 18, 16, 11, 4, 0, 9, 20, 19, 1, 16],
      [10, 14, 15, 11, 9, 13, 12, 9, 0, 12, 12, 10, 13],
      [7, 25, 20, 12, 5, 23, 22, 20, 12, 0, 13, 21, 14],
      [7, 23, 26, 2, 14, 15, 22, 19, 12, 13, 0, 19, 23],
      [19, 5, 13, 19, 17, 11, 4, 1, 10, 21, 19, 0, 16],
      [18, 19, 7, 21, 11, 24, 15, 16, 13, 14, 23, 16, 0]],
     [[0, 8, 11, 14, 12, 7, 15, 8, 4, 8],
      [8, 0, 18, 20, 20, 4, 19, 14, 5, 15],
      [11, 18, 0, 15, 5, 15, 19, 13, 14, 9],
      [14, 20, 15, 0, 12, 20, 5, 6, 16, 8],
      [12, 20, 5, 12, 0, 18, 17, 11, 16, 7],
      [7, 4, 15, 20, 18, 0, 20, 14, 4, 14],
      [15, 19, 19, 5, 17, 20, 0, 8, 17, 11],
      [8, 14, 13, 6, 11, 14, 8, 0, 10, 5],
      [4, 5, 14, 16, 16, 4, 17, 10, 0, 11],
      [8, 15, 9, 8, 7, 14, 11, 5, 11, 0]],
     [[0, 10, 9, 6, 7, 14],
      [10, 0, 13, 11, 6, 5],
      [9, 13, 0, 14, 8, 16],
      [6, 11, 14, 0, 11, 16],
      [7, 6, 8, 11, 0, 8],
      [14, 5, 16, 16, 8, 0]]],
  "trans_sites":
    [[0, 8, 3, 4, 4, 1],
     [1, 9, 0, 0, 10, 1],
     [1, 3, 0, 10, 10, 1],
     [2, 10, 0, 11, 7, 1],
     [2, 8, 0, 14, 7, 1],
     [3, 9, 4, 3, 20, 1],
     [3, 1, 4, 4, 20, 1],
     [3, 5, 0, 5, 16, 1],
     [3, 7, 2, 11, 8, 1],
     [4, 1, 1, 10, 5, 1]]
}