{
  "directed": true,
  "multigraph": true,
  "graph": {
    "node": {
      "shape": "circle",
      "fontsize": "25"
    },
    "edge": {
      "arrowsize": "0.5",
      "splines": "true"
    },
    "graph": {
      "scale": "1",
      "splines": "spline",
      "rankdir": "LR",
      "ratio": "0.5",
      "overlap": "false"
    }
  },
  "nodes": [
    {
      "id": 0
    },
    {
      "id": 1
    },
    {
      "id": 2
    },
    {
      "id": 3
    },
    {
      "id": 4
    }
  ],
  "links": [
    {
      "pt": 12,
      "capacity": 1,
      "from_pd": 1,
      "to_pd": 9,
      "source": 0,
      "target": 1,
      "key": 0
    },
    {
      "pt": 3,
      "capacity": 1,
      "from_pd": 8,
      "to_pd": 5,
      "source": 0,
      "target": 1,
      "key": 1
    },
    {
      "pt": 7,
      "capacity": 1,
      "from_pd": 2,
      "to_pd": 7,
      "source": 0,
      "target": 1,
      "key": 2
    },
    {
      "pt": 18,
      "capacity": 1,
      "from_pd": 11,
      "to_pd": 3,
      "source": 0,
      "target": 1,
      "key": 3
    },
    {
      "pt": 2,
      "capacity": 1,
      "from_pd": 2,
      "to_pd": 9,
      "source": 1,
      "target": 0,
      "key": 0
    },
    {
      "pt": 6,
      "capacity": 1,
      "from_pd": 0,
      "to_pd": 3,
      "source": 1,
      "target": 0,
      "key": 1
    },
    {
      "pt": 2,
      "capacity": 1,
      "from_pd": 1,
      "to_pd": 5,
      "source": 1,
      "target": 0,
      "key": 2
    },
    {
      "pt": 10,
      "capacity": 1,
      "from_pd": 1,
      "to_pd": 4,
      "source": 2,
      "target": 0,
      "key": 0
    },
    {
      "pt": 6,
      "capacity": 1,
      "from_pd": 0,
      "to_pd": 7,
      "source": 3,
      "target": 0,
      "key": 0
    },
    {
      "pt": 12,
      "capacity": 1,
      "from_pd": 0,
      "to_pd": 0,
      "source": 4,
      "target": 2,
      "key": 0
    }
  ],

  "num_nodes": 5,
  "num_trans_site": 10,
  "flexible": true,
  "node_init_pos": 0,
  "num_node_veh":
    [1, 1, 1, 1, 1],
  "num_pds_in_node":
    [14, 10, 2, 1, 1],
  "node_from_to":
    [[[0, 16, 20, 21, 19, 5, 13, 11, 24, 5, 19, 15, 13, 11],
      [16, 0, 5, 7, 4, 16, 6, 20, 10, 12, 16, 17, 15, 6],
      [20, 5, 0, 7, 6, 21, 10, 24, 9, 16, 18, 21, 17, 10],
      [21, 7, 7, 0, 3, 20, 8, 21, 4, 17, 13, 17, 22, 10],
      [19, 4, 6, 3, 0, 18, 7, 20, 6, 14, 13, 16, 19, 8],
      [5, 16, 21, 20, 18, 0, 12, 7, 23, 6, 16, 11, 17, 11],
      [13, 6, 10, 8, 7, 12, 0, 14, 12, 9, 11, 12, 17, 3],
      [11, 20, 24, 21, 20, 7, 14, 0, 24, 12, 13, 7, 23, 15],
      [24, 10, 9, 4, 6, 23, 12, 24, 0, 20, 14, 19, 25, 13],
      [5, 12, 16, 17, 14, 6, 9, 12, 20, 0, 17, 14, 12, 7],
      [19, 16, 18, 13, 13, 16, 11, 13, 14, 17, 0, 7, 27, 14],
      [15, 17, 21, 17, 16, 11, 12, 7, 19, 14, 7, 0, 25, 13],
      [13, 15, 17, 22, 19, 17, 17, 23, 25, 12, 27, 25, 0, 14],
      [11, 6, 10, 10, 8, 11, 3, 15, 13, 7, 14, 13, 14, 0]],
     [[0, 6, 21, 21, 23, 16, 16, 16, 11, 14],
      [6, 0, 21, 15, 19, 14, 11, 16, 8, 10],
      [21, 21, 0, 30, 14, 12, 25, 6, 16, 19],
      [21, 15, 30, 0, 20, 19, 6, 25, 15, 12],
      [23, 19, 14, 20, 0, 7, 17, 12, 12, 11],
      [16, 14, 12, 19, 7, 0, 14, 8, 6, 8],
      [16, 11, 25, 6, 17, 14, 0, 20, 10, 7],
      [16, 16, 6, 25, 12, 8, 20, 0, 11, 14],
      [11, 8, 16, 15, 12, 6, 10, 11, 0, 5],
      [14, 10, 19, 12, 11, 8, 7, 14, 5, 0]],
     [[0, 8], [8, 0]],
     [[0]],
     [[0]]],
  "trans_sites":
    [[0, 1, 1, 9, 12, 1],
     [0, 8, 1, 5, 12, 1],
     [0, 2, 1, 7, 12, 1],
     [0, 11, 1, 3, 12, 1],
     [1, 2, 0, 9, 2, 1],
     [1, 0, 0, 3, 2, 1],
     [1, 1, 0, 5, 2, 1],
     [2, 1, 0, 4, 10, 1],
     [3, 0, 0, 7, 6, 1],
     [4, 0, 2, 0, 12, 1]]
}