{
  "directed": true,
  "multigraph": true,
  "graph": {
    "node": {
      "shape": "circle",
      "fontsize": "25"
    },
    "edge": {
      "arrowsize": "0.5",
      "splines": "true"
    },
    "graph": {
      "scale": "1",
      "splines": "spline",
      "rankdir": "LR",
      "ratio": "0.5",
      "overlap": "false"
    }
  },
  "nodes": [
    {
      "id": 0
    },
    {
      "id": 1
    },
    {
      "id": 2
    },
    {
      "id": 3
    },
    {
      "id": 4
    }
  ],
  "links": [
    {
      "pt": 10,
      "capacity": 1,
      "from_pd": 5,
      "to_pd": 12,
      "source": 0,
      "target": 1,
      "key": 0
    },
    {
      "pt": 7,
      "capacity": 1,
      "from_pd": 0,
      "to_pd": 1,
      "source": 0,
      "target": 4,
      "key": 0
    },
    {
      "pt": 8,
      "capacity": 1,
      "from_pd": 7,
      "to_pd": 16,
      "source": 1,
      "target": 0,
      "key": 0
    },
    {
      "pt": 18,
      "capacity": 1,
      "from_pd": 14,
      "to_pd": 3,
      "source": 1,
      "target": 3,
      "key": 0
    },
    {
      "pt": 10,
      "capacity": 1,
      "from_pd": 8,
      "to_pd": 9,
      "source": 2,
      "target": 0,
      "key": 0
    },
    {
      "pt": 15,
      "capacity": 1,
      "from_pd": 0,
      "to_pd": 6,
      "source": 2,
      "target": 3,
      "key": 0
    },
    {
      "pt": 14,
      "capacity": 1,
      "from_pd": 8,
      "to_pd": 16,
      "source": 3,
      "target": 1,
      "key": 0
    },
    {
      "pt": 8,
      "capacity": 1,
      "from_pd": 5,
      "to_pd": 6,
      "source": 3,
      "target": 2,
      "key": 0
    },
    {
      "pt": 16,
      "capacity": 1,
      "from_pd": 2,
      "to_pd": 1,
      "source": 4,
      "target": 0,
      "key": 0
    },
    {
      "pt": 15,
      "capacity": 1,
      "from_pd": 0,
      "to_pd": 3,
      "source": 4,
      "target": 2,
      "key": 0
    }
  ],

  "num_nodes": 5,
  "num_trans_site": 10,
  "flexible": true,
  "node_init_pos": 0,
  "num_node_veh":
    [1, 1, 1, 1, 1],
  "num_pds_in_node":
    [19, 17, 16, 10, 3],
  "node_from_to":
    [[[0, 11, 28, 6, 9, 18, 16, 8, 11, 10, 21, 2, 12, 15, 6, 3, 18, 13, 24],
      [11, 0, 22, 15, 19, 17, 24, 17, 16, 17, 11, 11, 13, 18, 5, 8, 13, 21, 20],
      [28, 22, 0, 33, 36, 13, 31, 34, 23, 37, 22, 27, 34, 20, 25, 26, 10, 40, 6],
      [6, 15, 33, 0, 4, 22, 16, 3, 14, 6, 25, 6, 12, 18, 11, 8, 23, 8, 29],
      [9, 19, 36, 4, 0, 25, 15, 2, 16, 7, 28, 9, 15, 20, 14, 11, 26, 7, 32],
      [18, 17, 13, 22, 25, 0, 18, 23, 10, 27, 23, 17, 27, 8, 18, 18, 7, 30, 8],
      [16, 24, 31, 16, 15, 18, 0, 14, 10, 22, 34, 14, 27, 11, 21, 18, 23, 22, 26],
      [8, 17, 34, 3, 2, 23, 14, 0, 14, 8, 27, 7, 15, 18, 13, 10, 24, 8, 30],
      [11, 16, 23, 14, 16, 10, 10, 14, 0, 20, 25, 10, 22, 5, 14, 12, 14, 22, 18],
      [10, 17, 37, 6, 7, 27, 22, 8, 20, 0, 25, 11, 9, 24, 13, 11, 27, 5, 34],
      [21, 11, 22, 25, 28, 23, 34, 27, 25, 25, 0, 22, 18, 27, 15, 18, 17, 30, 24],
      [2, 11, 27, 6, 9, 17, 14, 7, 10, 11, 22, 0, 13, 14, 7, 5, 18, 14, 24],
      [12, 13, 34, 12, 15, 27, 27, 15, 22, 9, 18, 13, 0, 26, 10, 10, 25, 13, 32],
      [15, 18, 20, 18, 20, 8, 11, 18, 5, 24, 27, 14, 26, 0, 17, 16, 13, 26, 15],
      [6, 5, 25, 11, 14, 18, 21, 13, 14, 13, 15, 7, 10, 17, 0, 3, 16, 17, 23],
      [3, 8, 26, 8, 11, 18, 18, 10, 12, 11, 18, 5, 10, 16, 3, 0, 17, 15, 23],
      [18, 13, 10, 23, 26, 7, 23, 24, 14, 27, 17, 18, 25, 13, 16, 17, 0, 31, 8],
      [13, 21, 40, 8, 7, 30, 22, 8, 22, 5, 30, 14, 13, 26, 17, 15, 31, 0, 37],
      [24, 20, 6, 29, 32, 8, 26, 30, 18, 34, 24, 24, 32, 15, 23, 23, 8, 37, 0]],
     [[0, 20, 5, 3, 26, 14, 8, 7, 11, 12, 18, 19, 15, 16, 18, 12, 24],
      [20, 0, 22, 23, 7, 7, 26, 21, 22, 28, 6, 10, 19, 5, 3, 26, 21],
      [5, 22, 0, 5, 27, 16, 11, 11, 15, 16, 18, 22, 19, 18, 20, 15, 28],
      [3, 23, 5, 0, 29, 17, 6, 7, 11, 11, 21, 21, 16, 19, 21, 11, 26],
      [26, 7, 27, 29, 0, 13, 32, 27, 28, 34, 10, 15, 25, 11, 9, 33, 25],
      [14, 7, 16, 17, 13, 0, 20, 15, 17, 22, 6, 9, 15, 3, 5, 21, 19],
      [8, 26, 11, 6, 32, 20, 0, 6, 8, 5, 24, 22, 14, 22, 24, 6, 24],
      [7, 21, 11, 7, 27, 15, 6, 0, 5, 8, 20, 16, 10, 17, 19, 6, 19],
      [11, 22, 15, 11, 28, 17, 8, 5, 0, 7, 22, 15, 6, 18, 21, 5, 16],
      [12, 28, 16, 11, 34, 22, 5, 8, 7, 0, 27, 22, 13, 24, 26, 3, 22],
      [18, 6, 18, 21, 10, 6, 24, 20, 22, 27, 0, 14, 21, 6, 4, 26, 24],
      [19, 10, 22, 21, 15, 9, 22, 16, 15, 22, 14, 0, 11, 8, 10, 20, 11],
      [15, 19, 19, 16, 25, 15, 14, 10, 6, 13, 21, 11, 0, 15, 18, 11, 10],
      [16, 5, 18, 19, 11, 3, 22, 17, 18, 24, 6, 8, 15, 0, 3, 22, 18],
      [18, 3, 20, 21, 9, 5, 24, 19, 21, 26, 4, 10, 18, 3, 0, 25, 21],
      [12, 26, 15, 11, 33, 21, 6, 6, 5, 3, 26, 20, 11, 22, 25, 0, 20],
      [24, 21, 28, 26, 25, 19, 24, 19, 16, 22, 24, 11, 10, 18, 21, 20, 0]],
     [[0, 7, 17, 10, 10, 17, 15, 8, 15, 19, 11, 10, 11, 20, 8, 14],
      [7, 0, 22, 6, 16, 16, 19, 11, 18, 18, 5, 4, 6, 20, 7, 8],
      [17, 22, 0, 27, 8, 17, 6, 13, 10, 19, 27, 25, 23, 17, 17, 30],
      [10, 6, 27, 0, 20, 22, 24, 16, 23, 23, 2, 5, 10, 25, 13, 5],
      [10, 16, 8, 20, 0, 17, 8, 9, 11, 19, 20, 20, 18, 19, 13, 24],
      [17, 16, 17, 22, 17, 0, 12, 10, 8, 2, 21, 18, 13, 4, 10, 22],
      [15, 19, 6, 24, 8, 12, 0, 8, 5, 13, 23, 21, 18, 12, 13, 26],
      [8, 11, 13, 16, 9, 10, 8, 0, 8, 12, 15, 13, 11, 12, 5, 18],
      [15, 18, 10, 23, 11, 8, 5, 8, 0, 9, 22, 20, 16, 8, 11, 25],
      [19, 18, 19, 23, 19, 2, 13, 12, 9, 0, 22, 19, 14, 3, 11, 24],
      [11, 5, 27, 2, 20, 21, 23, 15, 22, 22, 0, 4, 9, 24, 12, 4],
      [10, 4, 25, 5, 20, 18, 21, 13, 20, 19, 4, 0, 6, 21, 9, 5],
      [11, 6, 23, 10, 18, 13, 18, 11, 16, 14, 9, 6, 0, 16, 6, 10],
      [20, 20, 17, 25, 19, 4, 12, 12, 8, 3, 24, 21, 16, 0, 13, 26],
      [8, 7, 17, 13, 13, 10, 13, 5, 11, 11, 12, 9, 6, 13, 0, 14],
      [14, 8, 30, 5, 24, 22, 26, 18, 25, 24, 4, 5, 10, 26, 14, 0]],
     [[0, 16, 6, 7, 14, 13, 12, 4, 10, 4],
      [16, 0, 20, 21, 5, 22, 17, 18, 19, 17],
      [6, 20, 0, 1, 19, 9, 10, 3, 15, 4],
      [7, 21, 1, 0, 20, 10, 11, 4, 15, 4],
      [14, 5, 19, 20, 0, 23, 19, 17, 15, 16],
      [13, 22, 9, 10, 23, 0, 6, 10, 23, 10],
      [12, 17, 10, 11, 19, 6, 0, 10, 22, 9],
      [4, 18, 3, 4, 17, 10, 10, 0, 13, 2],
      [10, 19, 15, 15, 15, 23, 22, 13, 0, 14],
      [4, 17, 4, 4, 16, 10, 9, 2, 14, 0]],
     [[0, 6, 5], [6, 0, 8], [5, 8, 0]]],
  "trans_sites":
    [[0, 5, 1, 12, 10, 1],
     [0, 0, 4, 1, 7, 1],
     [1, 7, 0, 16, 8, 1],
     [1, 14, 3, 3, 18, 1],
     [2, 8, 0, 9, 10, 1],
     [2, 0, 3, 6, 15, 1],
     [3, 8, 1, 16, 14, 1],
     [3, 5, 2, 6, 8, 1],
     [4, 2, 0, 1, 16, 1],
     [4, 0, 2, 3, 15, 1]]
}