{
  "directed": true,
  "multigraph": true,
  "graph": {
    "node": {
      "shape": "circle",
      "fontsize": "25"
    },
    "edge": {
      "arrowsize": "0.5",
      "splines": "true"
    },
    "graph": {
      "scale": "1",
      "splines": "spline",
      "rankdir": "LR",
      "ratio": "0.5",
      "overlap": "false"
    }
  },
  "nodes": [
    {
      "id": 0
    },
    {
      "id": 1
    },
    {
      "id": 2
    },
    {
      "id": 3
    },
    {
      "id": 4
    }
  ],
  "links": [
    {
      "pt": 17,
      "capacity": 1,
      "from_pd": 8,
      "to_pd": 1,
      "source": 0,
      "target": 4,
      "key": 0
    },
    {
      "pt": 13,
      "capacity": 1,
      "from_pd": 2,
      "to_pd": 4,
      "source": 0,
      "target": 1,
      "key": 0
    },
    {
      "pt": 17,
      "capacity": 1,
      "from_pd": 8,
      "to_pd": 6,
      "source": 1,
      "target": 0,
      "key": 0
    },
    {
      "pt": 9,
      "capacity": 1,
      "from_pd": 1,
      "to_pd": 3,
      "source": 1,
      "target": 4,
      "key": 0
    },
    {
      "pt": 5,
      "capacity": 1,
      "from_pd": 6,
      "to_pd": 5,
      "source": 1,
      "target": 3,
      "key": 0
    },
    {
      "pt": 6,
      "capacity": 1,
      "from_pd": 4,
      "to_pd": 10,
      "source": 2,
      "target": 1,
      "key": 0
    },
    {
      "pt": 8,
      "capacity": 1,
      "from_pd": 7,
      "to_pd": 2,
      "source": 2,
      "target": 4,
      "key": 0
    },
    {
      "pt": 15,
      "capacity": 1,
      "from_pd": 0,
      "to_pd": 11,
      "source": 3,
      "target": 0,
      "key": 0
    },
    {
      "pt": 6,
      "capacity": 1,
      "from_pd": 1,
      "to_pd": 7,
      "source": 3,
      "target": 1,
      "key": 0
    },
    {
      "pt": 18,
      "capacity": 1,
      "from_pd": 0,
      "to_pd": 2,
      "source": 4,
      "target": 3,
      "key": 0
    }
  ],

  "num_nodes": 5,
  "num_trans_site": 10,
  "flexible": true,
  "node_init_pos": 0,
  "num_node_veh":
    [1, 1, 1, 1, 1],
  "num_pds_in_node":
    [15, 12, 10, 7, 4],
  "node_from_to":
    [[[0, 19, 26, 10, 25, 32, 21, 29, 20, 22, 28, 19, 14, 6, 14],
      [19, 0, 14, 10, 12, 25, 2, 21, 28, 5, 21, 23, 19, 19, 21],
      [26, 14, 0, 19, 4, 12, 13, 8, 25, 10, 9, 18, 18, 23, 20],
      [10, 10, 19, 0, 18, 28, 12, 24, 23, 13, 23, 19, 14, 10, 15],
      [25, 12, 4, 18, 0, 15, 10, 11, 26, 8, 12, 20, 19, 22, 21],
      [32, 25, 12, 28, 15, 0, 24, 4, 23, 21, 5, 17, 20, 28, 22],
      [21, 2, 13, 12, 10, 24, 0, 20, 29, 3, 20, 24, 20, 20, 22],
      [29, 21, 8, 24, 11, 4, 20, 0, 22, 17, 3, 16, 18, 25, 20],
      [20, 28, 25, 23, 26, 23, 29, 22, 0, 28, 20, 7, 9, 15, 8],
      [22, 5, 10, 13, 8, 21, 3, 17, 28, 0, 18, 22, 19, 20, 21],
      [28, 21, 9, 23, 12, 5, 20, 3, 20, 18, 0, 14, 16, 23, 18],
      [19, 23, 18, 19, 20, 17, 24, 16, 7, 22, 14, 0, 6, 14, 6],
      [14, 19, 18, 14, 19, 20, 20, 18, 9, 19, 16, 6, 0, 9, 3],
      [6, 19, 23, 10, 22, 28, 20, 25, 15, 20, 23, 14, 9, 0, 8],
      [14, 21, 20, 15, 21, 22, 22, 20, 8, 21, 18, 6, 3, 8, 0]],
     [[0, 20, 12, 16, 8, 15, 24, 24, 22, 22, 21, 24],
      [20, 0, 25, 7, 14, 16, 8, 10, 3, 15, 2, 8],
      [12, 25, 0, 24, 12, 12, 26, 25, 28, 20, 27, 27],
      [16, 7, 24, 0, 13, 18, 15, 17, 8, 19, 8, 14],
      [8, 14, 12, 13, 0, 8, 17, 17, 17, 14, 16, 17],
      [15, 16, 12, 18, 8, 0, 14, 13, 18, 8, 17, 15],
      [24, 8, 26, 15, 17, 14, 0, 3, 9, 10, 8, 1],
      [24, 10, 25, 17, 17, 13, 3, 0, 11, 7, 11, 4],
      [22, 3, 28, 8, 17, 18, 9, 11, 0, 17, 2, 8],
      [22, 15, 20, 19, 14, 8, 10, 7, 17, 0, 15, 10],
      [21, 2, 27, 8, 16, 17, 8, 11, 2, 15, 0, 8],
      [24, 8, 27, 14, 17, 15, 1, 4, 8, 10, 8, 0]],
     [[0, 5, 13, 1, 12, 20, 18, 18, 5, 14],
      [5, 0, 12, 4, 15, 20, 18, 20, 2, 18],
      [13, 12, 0, 12, 12, 8, 7, 12, 13, 16],
      [1, 4, 12, 0, 12, 20, 18, 19, 5, 15],
      [12, 15, 12, 12, 0, 15, 14, 8, 16, 5],
      [20, 20, 8, 20, 15, 0, 2, 10, 21, 18],
      [18, 18, 7, 18, 14, 2, 0, 10, 19, 18],
      [18, 20, 12, 19, 8, 10, 10, 0, 21, 10],
      [5, 2, 13, 5, 16, 21, 19, 21, 0, 19],
      [14, 18, 16, 15, 5, 18, 18, 10, 19, 0]],
     [[0, 7, 7, 4, 9, 9, 18],
      [7, 0, 7, 6, 2, 16, 20],
      [7, 7, 0, 4, 7, 12, 14],
      [4, 6, 4, 0, 7, 10, 16],
      [9, 2, 7, 7, 0, 17, 20],
      [9, 16, 12, 10, 17, 0, 17],
      [18, 20, 14, 16, 20, 17, 0]],
     [[0, 7, 10, 9], [7, 0, 4, 7], [10, 4, 0, 6], [9, 7, 6, 0]]],
  "trans_sites":
    [[0, 8, 4, 1, 17, 1],
     [0, 2, 1, 4, 13, 1],
     [1, 8, 0, 6, 17, 1],
     [1, 1, 4, 3, 9, 1],
     [1, 6, 3, 5, 5, 1],
     [2, 4, 1, 10, 6, 1],
     [2, 7, 4, 2, 8, 1],
     [3, 0, 0, 11, 15, 1],
     [3, 1, 1, 7, 6, 1],
     [4, 0, 3, 2, 18, 1]]
}