{
  "directed": true,
  "multigraph": true,
  "graph": {
    "node": {
      "shape": "circle",
      "fontsize": "25"
    },
    "edge": {
      "arrowsize": "0.5",
      "splines": "true"
    },
    "graph": {
      "scale": "1",
      "splines": "spline",
      "rankdir": "LR",
      "ratio": "0.5",
      "overlap": "false"
    }
  },
  "nodes": [
    {
      "id": 0
    },
    {
      "id": 1
    },
    {
      "id": 2
    },
    {
      "id": 3
    },
    {
      "id": 4
    }
  ],
  "links": [
    {
      "pt": 16,
      "capacity": 1,
      "from_pd": 17,
      "to_pd": 14,
      "source": 0,
      "target": 1,
      "key": 0
    },
    {
      "pt": 17,
      "capacity": 1,
      "from_pd": 13,
      "to_pd": 10,
      "source": 0,
      "target": 1,
      "key": 1
    },
    {
      "pt": 6,
      "capacity": 1,
      "from_pd": 12,
      "to_pd": 2,
      "source": 0,
      "target": 1,
      "key": 2
    },
    {
      "pt": 20,
      "capacity": 1,
      "from_pd": 6,
      "to_pd": 14,
      "source": 0,
      "target": 2,
      "key": 0
    },
    {
      "pt": 14,
      "capacity": 1,
      "from_pd": 5,
      "to_pd": 4,
      "source": 0,
      "target": 4,
      "key": 0
    },
    {
      "pt": 8,
      "capacity": 1,
      "from_pd": 3,
      "to_pd": 3,
      "source": 1,
      "target": 0,
      "key": 0
    },
    {
      "pt": 12,
      "capacity": 1,
      "from_pd": 15,
      "to_pd": 8,
      "source": 2,
      "target": 4,
      "key": 0
    },
    {
      "pt": 7,
      "capacity": 1,
      "from_pd": 4,
      "to_pd": 7,
      "source": 2,
      "target": 4,
      "key": 1
    },
    {
      "pt": 3,
      "capacity": 1,
      "from_pd": 13,
      "to_pd": 7,
      "source": 3,
      "target": 2,
      "key": 0
    },
    {
      "pt": 11,
      "capacity": 1,
      "from_pd": 0,
      "to_pd": 0,
      "source": 3,
      "target": 1,
      "key": 0
    }
  ],

  "num_nodes": 5,
  "num_trans_site": 10,
  "flexible": true,
  "node_init_pos": 0,
  "num_node_veh":
    [1, 1, 1, 1, 1],
  "num_pds_in_node":
    [18, 16, 16, 14, 13],
  "node_from_to":
    [[[0, 19, 21, 12, 18, 19, 12, 9, 16, 8, 7, 13, 15, 12, 22, 7, 19, 11],
      [19, 0, 25, 21, 20, 21, 29, 25, 5, 20, 15, 22, 5, 13, 7, 12, 25, 22],
      [21, 25, 0, 33, 6, 4, 18, 18, 20, 14, 16, 9, 21, 28, 22, 21, 3, 32],
      [12, 21, 33, 0, 29, 30, 23, 19, 22, 20, 17, 25, 20, 9, 27, 13, 30, 3],
      [18, 20, 6, 29, 0, 2, 18, 17, 15, 12, 12, 7, 16, 23, 16, 16, 6, 28],
      [19, 21, 4, 30, 2, 0, 18, 17, 16, 12, 13, 7, 18, 25, 18, 18, 5, 29],
      [12, 29, 18, 23, 18, 18, 0, 4, 25, 9, 14, 11, 25, 24, 29, 18, 15, 21],
      [9, 25, 18, 19, 17, 17, 4, 0, 22, 7, 11, 10, 21, 20, 27, 15, 15, 18],
      [16, 5, 20, 22, 15, 16, 25, 22, 0, 16, 11, 17, 3, 14, 6, 10, 20, 22],
      [8, 20, 14, 20, 12, 12, 9, 7, 16, 0, 6, 6, 16, 17, 21, 11, 11, 19],
      [7, 15, 16, 17, 12, 13, 14, 11, 11, 6, 0, 9, 11, 13, 16, 6, 14, 17],
      [13, 22, 9, 25, 7, 7, 11, 10, 17, 6, 9, 0, 17, 21, 20, 15, 6, 24],
      [15, 5, 21, 20, 16, 18, 25, 21, 3, 16, 11, 17, 0, 12, 8, 9, 21, 20],
      [12, 13, 28, 9, 23, 25, 24, 20, 14, 17, 13, 21, 12, 0, 18, 8, 26, 10],
      [22, 7, 22, 27, 16, 18, 29, 27, 6, 21, 16, 20, 8, 18, 0, 15, 22, 27],
      [7, 12, 21, 13, 16, 18, 18, 15, 10, 11, 6, 15, 9, 8, 15, 0, 19, 13],
      [19, 25, 3, 30, 6, 5, 15, 15, 20, 11, 14, 6, 21, 26, 22, 19, 0, 29],
      [11, 22, 32, 3, 28, 29, 21, 18, 22, 19, 17, 24, 20, 10, 27, 13, 29, 0]],
     [[0, 31, 29, 15, 19, 20, 15, 11, 27, 6, 26, 21, 21, 24, 21, 19],
      [31, 0, 3, 17, 16, 20, 24, 21, 7, 26, 10, 20, 19, 24, 17, 13],
      [29, 3, 0, 14, 14, 17, 22, 19, 4, 24, 7, 17, 17, 22, 15, 10],
      [15, 17, 14, 0, 9, 11, 11, 5, 12, 11, 11, 12, 11, 17, 10, 5],
      [19, 16, 14, 9, 0, 19, 19, 11, 14, 13, 15, 20, 19, 25, 17, 9],
      [20, 20, 17, 11, 19, 0, 7, 12, 14, 18, 11, 2, 1, 6, 3, 11],
      [15, 24, 22, 11, 19, 7, 0, 10, 19, 14, 16, 8, 8, 10, 9, 13],
      [11, 21, 19, 5, 11, 12, 10, 0, 17, 7, 16, 13, 13, 18, 12, 9],
      [27, 7, 4, 12, 14, 14, 19, 17, 0, 22, 4, 14, 13, 18, 11, 8],
      [6, 26, 24, 11, 13, 18, 14, 7, 22, 0, 21, 19, 18, 23, 18, 15],
      [26, 10, 7, 11, 15, 11, 16, 16, 4, 21, 0, 11, 10, 15, 8, 8],
      [21, 20, 17, 12, 20, 2, 8, 13, 14, 19, 11, 0, 2, 5, 3, 12],
      [21, 19, 17, 11, 19, 1, 8, 13, 13, 18, 10, 2, 0, 7, 2, 11],
      [24, 24, 22, 17, 25, 6, 10, 18, 18, 23, 15, 5, 7, 0, 8, 17],
      [21, 17, 15, 10, 17, 3, 9, 12, 11, 18, 8, 3, 2, 8, 0, 9],
      [19, 13, 10, 5, 9, 11, 13, 9, 8, 15, 8, 12, 11, 17, 9, 0]],
     [[0, 16, 19, 14, 10, 17, 16, 12, 17, 11, 8, 11, 19, 6, 14, 16],
      [16, 0, 21, 7, 23, 4, 3, 11, 7, 14, 23, 25, 3, 16, 16, 5],
      [19, 21, 0, 14, 28, 18, 19, 26, 16, 9, 21, 16, 22, 24, 6, 25],
      [14, 7, 14, 0, 22, 5, 6, 14, 4, 8, 20, 20, 9, 16, 9, 11],
      [10, 23, 28, 22, 0, 25, 24, 15, 26, 20, 9, 16, 26, 8, 23, 21],
      [17, 4, 18, 5, 25, 0, 2, 14, 3, 13, 24, 24, 4, 18, 14, 9],
      [16, 3, 19, 6, 24, 2, 0, 13, 5, 13, 23, 24, 4, 17, 14, 7],
      [12, 11, 26, 14, 15, 14, 13, 0, 16, 17, 18, 23, 13, 8, 20, 8],
      [17, 7, 16, 4, 26, 3, 5, 16, 0, 11, 24, 23, 7, 19, 11, 12],
      [11, 14, 9, 8, 20, 13, 13, 17, 11, 0, 15, 13, 16, 15, 4, 17],
      [8, 23, 21, 20, 9, 24, 23, 18, 24, 15, 0, 8, 26, 11, 18, 23],
      [11, 25, 16, 20, 16, 24, 24, 23, 23, 13, 8, 0, 27, 16, 14, 26],
      [19, 3, 22, 9, 26, 4, 4, 13, 7, 16, 26, 27, 0, 19, 17, 7],
      [6, 16, 24, 16, 8, 18, 17, 8, 19, 15, 11, 16, 19, 0, 19, 14],
      [14, 16, 6, 9, 23, 14, 14, 20, 11, 4, 18, 14, 17, 19, 0, 19],
      [16, 5, 25, 11, 21, 9, 7, 8, 12, 17, 23, 26, 7, 14, 19, 0]],
     [[0, 18, 21, 7, 22, 19, 3, 21, 5, 24, 31, 17, 7, 14],
      [18, 0, 16, 12, 7, 12, 17, 7, 17, 20, 15, 9, 13, 17],
      [21, 16, 0, 16, 22, 27, 23, 23, 17, 5, 18, 8, 22, 9],
      [7, 12, 16, 0, 17, 17, 8, 17, 5, 18, 24, 11, 7, 10],
      [22, 7, 22, 17, 0, 8, 20, 1, 22, 26, 16, 15, 15, 23],
      [19, 12, 27, 17, 8, 0, 17, 8, 21, 31, 24, 19, 12, 25],
      [3, 17, 23, 8, 20, 17, 0, 20, 8, 25, 30, 18, 5, 16],
      [21, 7, 23, 17, 1, 8, 20, 0, 22, 27, 17, 15, 15, 24],
      [5, 17, 17, 5, 22, 21, 8, 22, 0, 19, 29, 14, 10, 10],
      [24, 20, 5, 18, 26, 31, 25, 27, 19, 0, 21, 12, 25, 10],
      [31, 15, 18, 24, 16, 24, 30, 17, 29, 21, 0, 15, 27, 24],
      [17, 9, 8, 11, 15, 19, 18, 15, 14, 12, 15, 0, 16, 10],
      [7, 13, 22, 7, 15, 12, 5, 15, 10, 25, 27, 16, 0, 17],
      [14, 17, 9, 10, 23, 25, 16, 24, 10, 10, 24, 10, 17, 0]],
     [[0, 5, 11, 16, 17, 10, 8, 8, 13, 21, 11, 6, 14],
      [5, 0, 14, 20, 20, 13, 8, 10, 16, 25, 15, 5, 17],
      [11, 14, 0, 8, 6, 13, 10, 7, 16, 14, 12, 12, 5],
      [16, 20, 8, 0, 8, 13, 18, 14, 14, 6, 10, 18, 11],
      [17, 20, 6, 8, 0, 18, 15, 12, 20, 12, 16, 17, 6],
      [10, 13, 13, 13, 18, 0, 16, 15, 4, 15, 3, 15, 18],
      [8, 8, 10, 18, 15, 16, 0, 4, 19, 23, 17, 3, 11],
      [8, 10, 7, 14, 12, 15, 4, 0, 18, 20, 15, 6, 7],
      [13, 16, 16, 14, 20, 4, 19, 18, 0, 16, 5, 18, 21],
      [21, 25, 14, 6, 12, 15, 23, 20, 16, 0, 13, 24, 16],
      [11, 15, 12, 10, 16, 3, 17, 15, 5, 13, 0, 16, 17],
      [6, 5, 12, 18, 17, 15, 3, 6, 18, 24, 16, 0, 13],
      [14, 17, 5, 11, 6, 18, 11, 7, 21, 16, 17, 13, 0]]],
  "trans_sites":
    [[0, 17, 1, 14, 16, 1],
     [0, 13, 1, 10, 16, 1],
     [0, 12, 1, 2, 16, 1],
     [0, 6, 2, 14, 20, 1],
     [0, 5, 4, 4, 14, 1],
     [1, 3, 0, 3, 8, 1],
     [2, 15, 4, 8, 12, 1],
     [2, 4, 4, 7, 12, 1],
     [3, 13, 2, 7, 3, 1],
     [3, 0, 1, 0, 11, 1]]
}