{
  "directed": true,
  "multigraph": true,
  "graph": {
    "node": {
      "shape": "circle",
      "fontsize": "25"
    },
    "edge": {
      "arrowsize": "0.5",
      "splines": "true"
    },
    "graph": {
      "scale": "1",
      "splines": "spline",
      "rankdir": "LR",
      "ratio": "0.5",
      "overlap": "false"
    }
  },
  "nodes": [
    {
      "id": 0
    },
    {
      "id": 1
    },
    {
      "id": 2
    },
    {
      "id": 3
    },
    {
      "id": 4
    }
  ],
  "links": [
    {
      "pt": 12,
      "capacity": 1,
      "from_pd": 8,
      "to_pd": 13,
      "source": 0,
      "target": 1,
      "key": 0
    },
    {
      "pt": 17,
      "capacity": 1,
      "from_pd": 15,
      "to_pd": 12,
      "source": 0,
      "target": 1,
      "key": 1
    },
    {
      "pt": 9,
      "capacity": 1,
      "from_pd": 4,
      "to_pd": 6,
      "source": 0,
      "target": 3,
      "key": 0
    },
    {
      "pt": 7,
      "capacity": 1,
      "from_pd": 8,
      "to_pd": 5,
      "source": 1,
      "target": 3,
      "key": 0
    },
    {
      "pt": 15,
      "capacity": 1,
      "from_pd": 5,
      "to_pd": 2,
      "source": 1,
      "target": 3,
      "key": 1
    },
    {
      "pt": 15,
      "capacity": 1,
      "from_pd": 2,
      "to_pd": 4,
      "source": 1,
      "target": 3,
      "key": 2
    },
    {
      "pt": 4,
      "capacity": 1,
      "from_pd": 8,
      "to_pd": 5,
      "source": 2,
      "target": 0,
      "key": 0
    },
    {
      "pt": 20,
      "capacity": 1,
      "from_pd": 10,
      "to_pd": 3,
      "source": 2,
      "target": 3,
      "key": 0
    },
    {
      "pt": 19,
      "capacity": 1,
      "from_pd": 0,
      "to_pd": 0,
      "source": 3,
      "target": 4,
      "key": 0
    },
    {
      "pt": 11,
      "capacity": 1,
      "from_pd": 1,
      "to_pd": 0,
      "source": 4,
      "target": 2,
      "key": 0
    }
  ],

  "num_nodes": 5,
  "num_trans_site": 10,
  "flexible": true,
  "node_init_pos": 0,
  "num_node_veh":
    [1, 1, 1, 1, 1],
  "num_pds_in_node":
    [16, 16, 12, 7, 3],
  "node_from_to":
    [[[0, 13, 12, 20, 4, 24, 8, 14, 17, 23, 3, 12, 9, 21, 5, 2],
      [13, 0, 19, 10, 9, 12, 5, 14, 10, 15, 15, 17, 13, 15, 9, 12],
      [12, 19, 0, 28, 12, 28, 17, 9, 18, 22, 11, 4, 20, 19, 15, 13],
      [20, 10, 28, 0, 17, 13, 12, 23, 17, 21, 22, 26, 16, 22, 16, 18],
      [4, 9, 12, 17, 0, 21, 5, 12, 14, 20, 6, 11, 10, 18, 3, 3],
      [24, 12, 28, 13, 21, 0, 17, 20, 11, 12, 26, 25, 25, 14, 21, 23],
      [8, 5, 17, 12, 5, 17, 0, 14, 13, 18, 10, 15, 9, 18, 4, 7],
      [14, 14, 9, 23, 12, 20, 14, 0, 9, 13, 14, 6, 21, 10, 14, 14],
      [17, 10, 18, 17, 14, 11, 13, 9, 0, 6, 19, 15, 21, 6, 15, 17],
      [23, 15, 22, 21, 20, 12, 18, 13, 6, 0, 24, 18, 27, 4, 21, 22],
      [3, 15, 11, 22, 6, 26, 10, 14, 19, 24, 0, 11, 10, 22, 7, 4],
      [12, 17, 4, 26, 11, 25, 15, 6, 15, 18, 11, 0, 20, 16, 14, 13],
      [9, 13, 20, 16, 10, 25, 9, 21, 21, 27, 10, 20, 0, 26, 7, 7],
      [21, 15, 19, 22, 18, 14, 18, 10, 6, 4, 22, 16, 26, 0, 20, 21],
      [5, 9, 15, 16, 3, 21, 4, 14, 15, 21, 7, 14, 7, 20, 0, 3],
      [2, 12, 13, 18, 3, 23, 7, 14, 17, 22, 4, 13, 7, 21, 3, 0]],
     [[0, 30, 15, 11, 14, 10, 11, 13, 28, 28, 27, 24, 30, 29, 25, 19],
      [30, 0, 18, 21, 22, 21, 23, 26, 17, 7, 6, 14, 8, 4, 13, 13],
      [15, 18, 0, 12, 15, 7, 13, 8, 14, 14, 17, 9, 20, 16, 19, 11],
      [11, 21, 12, 0, 4, 6, 2, 16, 25, 21, 17, 20, 19, 21, 14, 9],
      [14, 22, 15, 4, 0, 10, 4, 19, 28, 23, 17, 22, 19, 22, 13, 10],
      [10, 21, 7, 6, 10, 0, 7, 10, 20, 19, 18, 15, 21, 20, 18, 10],
      [11, 23, 13, 2, 4, 7, 0, 16, 26, 22, 18, 21, 21, 22, 15, 10],
      [13, 26, 8, 16, 19, 10, 16, 0, 18, 21, 25, 14, 28, 23, 26, 18],
      [28, 17, 14, 25, 28, 20, 26, 18, 0, 10, 20, 6, 23, 13, 26, 20],
      [28, 7, 14, 21, 23, 19, 22, 21, 10, 0, 10, 8, 13, 3, 17, 13],
      [27, 6, 17, 17, 17, 18, 18, 25, 20, 10, 0, 16, 4, 8, 8, 9],
      [24, 14, 9, 20, 22, 15, 21, 14, 6, 8, 16, 0, 19, 11, 21, 15],
      [30, 8, 20, 19, 19, 21, 21, 28, 23, 13, 4, 19, 0, 11, 7, 11],
      [29, 4, 16, 21, 22, 20, 22, 23, 13, 3, 8, 11, 11, 0, 15, 13],
      [25, 13, 19, 14, 13, 18, 15, 26, 26, 17, 8, 21, 7, 15, 0, 9],
      [19, 13, 11, 9, 10, 10, 10, 18, 20, 13, 9, 15, 11, 13, 9, 0]],
     [[0, 17, 15, 13, 6, 6, 13, 4, 6, 17, 4, 14],
      [17, 0, 13, 15, 12, 22, 14, 20, 17, 16, 18, 14],
      [15, 13, 0, 22, 15, 18, 21, 18, 19, 4, 13, 2],
      [13, 15, 22, 0, 8, 18, 2, 14, 9, 25, 16, 22],
      [6, 12, 15, 8, 0, 12, 7, 9, 5, 18, 9, 15],
      [6, 22, 18, 18, 12, 0, 18, 5, 9, 19, 6, 17],
      [13, 14, 21, 2, 7, 18, 0, 14, 9, 24, 16, 21],
      [4, 20, 18, 14, 9, 5, 14, 0, 5, 20, 6, 18],
      [6, 17, 19, 9, 5, 9, 9, 5, 0, 21, 9, 18],
      [17, 16, 4, 25, 18, 19, 24, 20, 21, 0, 14, 3],
      [4, 18, 13, 16, 9, 6, 16, 6, 9, 14, 0, 12],
      [14, 14, 2, 22, 15, 17, 21, 18, 18, 3, 12, 0]],
     [[0, 7, 12, 12, 12, 9, 18],
      [7, 0, 12, 10, 9, 9, 19],
      [12, 12, 0, 4, 6, 4, 7],
      [12, 10, 4, 0, 3, 4, 10],
      [12, 9, 6, 3, 0, 5, 13],
      [9, 9, 4, 4, 5, 0, 11],
      [18, 19, 7, 10, 13, 11, 0]],
     [[0, 10, 6], [10, 0, 13], [6, 13, 0]]],
  "trans_sites":
    [[0, 8, 1, 13, 12, 1],
     [0, 15, 1, 12, 12, 1],
     [0, 4, 3, 6, 9, 1],
     [1, 8, 3, 5, 7, 1],
     [1, 5, 3, 2, 7, 1],
     [1, 2, 3, 4, 7, 1],
     [2, 8, 0, 5, 4, 1],
     [2, 10, 3, 3, 20, 1],
     [3, 0, 4, 0, 19, 1],
     [4, 1, 2, 0, 11, 1]]
}