{
  "directed": true,
  "multigraph": true,
  "graph": {
    "node": {
      "shape": "circle",
      "fontsize": "25"
    },
    "edge": {
      "arrowsize": "0.5",
      "splines": "true"
    },
    "graph": {
      "scale": "1",
      "splines": "spline",
      "rankdir": "LR",
      "ratio": "0.5",
      "overlap": "false"
    }
  },
  "nodes": [
    {
      "id": 0
    },
    {
      "id": 1
    },
    {
      "id": 2
    },
    {
      "id": 3
    },
    {
      "id": 4
    }
  ],
  "links": [
    {
      "pt": 20,
      "capacity": 1,
      "from_pd": 0,
      "to_pd": 6,
      "source": 0,
      "target": 1,
      "key": 0
    },
    {
      "pt": 19,
      "capacity": 1,
      "from_pd": 8,
      "to_pd": 2,
      "source": 1,
      "target": 3,
      "key": 0
    },
    {
      "pt": 7,
      "capacity": 1,
      "from_pd": 3,
      "to_pd": 6,
      "source": 1,
      "target": 2,
      "key": 0
    },
    {
      "pt": 11,
      "capacity": 1,
      "from_pd": 0,
      "to_pd": 1,
      "source": 1,
      "target": 2,
      "key": 1
    },
    {
      "pt": 9,
      "capacity": 1,
      "from_pd": 7,
      "to_pd": 7,
      "source": 2,
      "target": 0,
      "key": 0
    },
    {
      "pt": 12,
      "capacity": 1,
      "from_pd": 2,
      "to_pd": 4,
      "source": 2,
      "target": 1,
      "key": 0
    },
    {
      "pt": 17,
      "capacity": 1,
      "from_pd": 1,
      "to_pd": 3,
      "source": 3,
      "target": 2,
      "key": 0
    },
    {
      "pt": 11,
      "capacity": 1,
      "from_pd": 0,
      "to_pd": 10,
      "source": 3,
      "target": 1,
      "key": 0
    },
    {
      "pt": 9,
      "capacity": 1,
      "from_pd": 1,
      "to_pd": 0,
      "source": 4,
      "target": 2,
      "key": 0
    },
    {
      "pt": 12,
      "capacity": 1,
      "from_pd": 0,
      "to_pd": 3,
      "source": 4,
      "target": 3,
      "key": 0
    }
  ],

  "num_nodes": 5,
  "num_trans_site": 10,
  "flexible": true,
  "node_init_pos": 0,
  "num_node_veh":
    [1, 1, 1, 1, 1],
  "num_pds_in_node":
    [12, 11, 8, 4, 2],
  "node_from_to":
    [[[0, 7, 6, 11, 9, 6, 10, 10, 11, 14, 12, 12],
      [7, 0, 12, 4, 3, 12, 6, 16, 11, 20, 13, 18],
      [6, 12, 0, 16, 14, 3, 14, 6, 15, 9, 14, 7],
      [11, 4, 16, 0, 3, 16, 6, 20, 14, 24, 15, 22],
      [9, 3, 14, 3, 0, 14, 4, 18, 14, 22, 16, 20],
      [6, 12, 3, 16, 14, 0, 15, 4, 12, 9, 12, 9],
      [10, 6, 14, 6, 4, 15, 0, 19, 17, 22, 18, 19],
      [10, 16, 6, 20, 18, 4, 19, 0, 14, 6, 13, 9],
      [11, 11, 15, 14, 14, 12, 17, 14, 0, 19, 3, 21],
      [14, 20, 9, 24, 22, 9, 22, 6, 19, 0, 17, 7],
      [12, 13, 14, 15, 16, 12, 18, 13, 3, 17, 0, 20],
      [12, 18, 7, 22, 20, 9, 19, 9, 21, 7, 20, 0]],
     [[0, 25, 27, 11, 13, 2, 19, 29, 19, 19, 23],
      [25, 0, 11, 15, 14, 24, 17, 8, 21, 7, 18],
      [27, 11, 0, 18, 20, 26, 11, 6, 15, 11, 10],
      [11, 15, 18, 0, 5, 10, 13, 20, 15, 9, 17],
      [13, 14, 20, 5, 0, 13, 17, 21, 19, 10, 21],
      [2, 24, 26, 10, 13, 0, 17, 28, 17, 18, 22],
      [19, 17, 11, 13, 17, 17, 0, 16, 4, 12, 5],
      [29, 8, 6, 20, 21, 28, 16, 0, 20, 12, 15],
      [19, 21, 15, 15, 19, 17, 4, 20, 0, 15, 7],
      [19, 7, 11, 9, 10, 18, 12, 12, 15, 0, 14],
      [23, 18, 10, 17, 21, 22, 5, 15, 7, 14, 0]],
     [[0, 10, 12, 20, 9, 7, 8, 16],
      [10, 0, 16, 11, 3, 5, 5, 8],
      [12, 16, 0, 20, 17, 16, 17, 16],
      [20, 11, 20, 0, 14, 15, 15, 4],
      [9, 3, 17, 14, 0, 3, 3, 11],
      [7, 5, 16, 15, 3, 0, 2, 12],
      [8, 5, 17, 15, 3, 2, 0, 13],
      [16, 8, 16, 4, 11, 12, 13, 0]],
     [[0, 15, 12, 13], [15, 0, 4, 4], [12, 4, 0, 2], [13, 4, 2, 0]],
     [[0, 3], [3, 0]]],
  "trans_sites":
    [[0, 0, 1, 6, 20, 1],
     [1, 8, 3, 2, 19, 1],
     [1, 3, 2, 6, 7, 1],
     [1, 0, 2, 1, 7, 1],
     [2, 7, 0, 7, 9, 1],
     [2, 2, 1, 4, 12, 1],
     [3, 1, 2, 3, 17, 1],
     [3, 0, 1, 10, 11, 1],
     [4, 1, 2, 0, 9, 1],
     [4, 0, 3, 3, 12, 1]]
}