{
  "directed": true,
  "multigraph": true,
  "graph": {
    "node": {
      "shape": "circle",
      "fontsize": "25"
    },
    "edge": {
      "arrowsize": "0.5",
      "splines": "true"
    },
    "graph": {
      "scale": "1",
      "splines": "spline",
      "rankdir": "LR",
      "ratio": "0.5",
      "overlap": "false"
    }
  },
  "nodes": [
    {
      "id": 0
    },
    {
      "id": 1
    },
    {
      "id": 2
    },
    {
      "id": 3
    },
    {
      "id": 4
    }
  ],
  "links": [
    {
      "pt": 12,
      "capacity": 1,
      "from_pd": 15,
      "to_pd": 2,
      "source": 0,
      "target": 2,
      "key": 0
    },
    {
      "pt": 15,
      "capacity": 1,
      "from_pd": 11,
      "to_pd": 6,
      "source": 0,
      "target": 2,
      "key": 1
    },
    {
      "pt": 3,
      "capacity": 1,
      "from_pd": 8,
      "to_pd": 6,
      "source": 1,
      "target": 0,
      "key": 0
    },
    {
      "pt": 10,
      "capacity": 1,
      "from_pd": 5,
      "to_pd": 1,
      "source": 2,
      "target": 0,
      "key": 0
    },
    {
      "pt": 12,
      "capacity": 1,
      "from_pd": 11,
      "to_pd": 16,
      "source": 2,
      "target": 0,
      "key": 1
    },
    {
      "pt": 12,
      "capacity": 1,
      "from_pd": 9,
      "to_pd": 10,
      "source": 2,
      "target": 1,
      "key": 0
    },
    {
      "pt": 9,
      "capacity": 1,
      "from_pd": 10,
      "to_pd": 11,
      "source": 2,
      "target": 1,
      "key": 1
    },
    {
      "pt": 9,
      "capacity": 1,
      "from_pd": 1,
      "to_pd": 3,
      "source": 3,
      "target": 1,
      "key": 0
    },
    {
      "pt": 4,
      "capacity": 1,
      "from_pd": 0,
      "to_pd": 0,
      "source": 3,
      "target": 4,
      "key": 0
    },
    {
      "pt": 9,
      "capacity": 1,
      "from_pd": 1,
      "to_pd": 7,
      "source": 4,
      "target": 1,
      "key": 0
    }
  ],

  "num_nodes": 5,
  "num_trans_site": 10,
  "flexible": true,
  "node_init_pos": 0,
  "num_node_veh":
    [1, 1, 1, 1, 1],
  "num_pds_in_node":
    [19, 13, 12, 2, 2],
  "node_from_to":
    [[[0, 5, 13, 28, 27, 13, 29, 23, 21, 12, 9, 25, 15, 24, 13, 7, 18, 14, 16],
      [5, 0, 14, 29, 27, 9, 29, 25, 23, 9, 13, 23, 18, 24, 13, 10, 19, 11, 15],
      [13, 14, 0, 16, 15, 17, 18, 12, 12, 13, 13, 16, 10, 12, 4, 9, 6, 14, 9],
      [28, 29, 16, 0, 10, 30, 12, 7, 13, 26, 26, 19, 18, 11, 17, 23, 12, 27, 19],
      [27, 27, 15, 10, 0, 25, 3, 14, 19, 22, 28, 10, 22, 4, 14, 24, 9, 21, 14],
      [13, 9, 17, 30, 25, 0, 26, 28, 28, 4, 21, 19, 24, 22, 14, 17, 19, 5, 12],
      [29, 29, 18, 12, 3, 26, 0, 17, 22, 23, 31, 10, 25, 6, 16, 27, 12, 22, 15],
      [23, 25, 12, 7, 14, 28, 17, 0, 6, 24, 20, 21, 11, 13, 15, 18, 11, 25, 18],
      [21, 23, 12, 13, 19, 28, 22, 6, 0, 24, 16, 25, 7, 18, 16, 14, 13, 26, 20],
      [12, 9, 13, 26, 22, 4, 23, 24, 24, 0, 19, 16, 21, 19, 10, 15, 15, 3, 8],
      [9, 13, 13, 26, 28, 21, 31, 20, 16, 19, 0, 29, 10, 25, 16, 5, 19, 21, 20],
      [25, 23, 16, 19, 10, 19, 10, 21, 25, 16, 29, 0, 25, 9, 13, 24, 12, 14, 9],
      [15, 18, 10, 18, 22, 24, 25, 11, 7, 21, 10, 25, 0, 20, 14, 9, 14, 23, 19],
      [24, 24, 12, 11, 4, 22, 6, 13, 18, 19, 25, 9, 20, 0, 11, 21, 7, 18, 11],
      [13, 13, 4, 17, 14, 14, 16, 15, 16, 10, 16, 13, 14, 11, 0, 12, 6, 11, 5],
      [7, 10, 9, 23, 24, 17, 27, 18, 14, 15, 5, 24, 9, 21, 12, 0, 15, 17, 16],
      [18, 19, 6, 12, 9, 19, 12, 11, 13, 15, 19, 12, 14, 7, 6, 15, 0, 16, 8],
      [14, 11, 14, 27, 21, 5, 22, 25, 26, 3, 21, 14, 23, 18, 11, 17, 16, 0, 8],
      [16, 15, 9, 19, 14, 12, 15, 18, 20, 8, 20, 9, 19, 11, 5, 16, 8, 8, 0]],
     [[0, 24, 13, 17, 24, 18, 21, 12, 4, 4, 17, 6, 13],
      [24, 0, 13, 8, 1, 19, 16, 24, 21, 21, 8, 25, 12],
      [13, 13, 0, 7, 13, 19, 19, 19, 10, 12, 5, 12, 2],
      [17, 8, 7, 0, 8, 15, 14, 17, 14, 14, 3, 18, 6],
      [24, 1, 13, 8, 0, 19, 16, 24, 21, 22, 9, 25, 13],
      [18, 19, 19, 15, 19, 0, 5, 8, 18, 15, 18, 23, 17],
      [21, 16, 19, 14, 16, 5, 0, 13, 21, 18, 17, 25, 18],
      [12, 24, 19, 17, 24, 8, 13, 0, 14, 10, 19, 18, 18],
      [4, 21, 10, 14, 21, 18, 21, 14, 0, 5, 14, 5, 10],
      [4, 21, 12, 14, 22, 15, 18, 10, 5, 0, 15, 9, 11],
      [17, 8, 5, 3, 9, 18, 17, 19, 14, 15, 0, 17, 5],
      [6, 25, 12, 18, 25, 23, 25, 18, 5, 9, 17, 0, 13],
      [13, 12, 2, 6, 13, 17, 18, 18, 10, 11, 5, 13, 0]],
     [[0, 15, 20, 6, 14, 14, 7, 1, 12, 12, 11, 6],
      [15, 0, 24, 20, 7, 9, 17, 15, 12, 16, 18, 18],
      [20, 24, 0, 17, 18, 15, 13, 19, 29, 9, 10, 16],
      [6, 20, 17, 0, 18, 17, 6, 6, 18, 12, 8, 2],
      [14, 7, 18, 18, 0, 3, 14, 15, 17, 11, 14, 16],
      [14, 9, 15, 17, 3, 0, 12, 14, 18, 9, 12, 15],
      [7, 17, 13, 6, 14, 12, 0, 7, 18, 7, 4, 4],
      [1, 15, 19, 6, 15, 14, 7, 0, 13, 12, 10, 5],
      [12, 12, 29, 18, 17, 18, 18, 13, 0, 21, 21, 18],
      [12, 16, 9, 12, 11, 9, 7, 12, 21, 0, 4, 10],
      [11, 18, 10, 8, 14, 12, 4, 10, 21, 4, 0, 7],
      [6, 18, 16, 2, 16, 15, 4, 5, 18, 10, 7, 0]],
     [[0, 7], [7, 0]],
     [[0, 4], [4, 0]]],
  "trans_sites":
    [[0, 15, 2, 2, 12, 1],
     [0, 11, 2, 6, 12, 1],
     [1, 8, 0, 6, 3, 1],
     [2, 5, 0, 1, 10, 1],
     [2, 11, 0, 16, 10, 1],
     [2, 9, 1, 10, 12, 1],
     [2, 10, 1, 11, 12, 1],
     [3, 1, 1, 3, 9, 1],
     [3, 0, 4, 0, 4, 1],
     [4, 1, 1, 7, 9, 1]]
}