{
  "directed": true,
  "multigraph": true,
  "graph": {
    "node": {
      "shape": "circle",
      "fontsize": "25"
    },
    "edge": {
      "arrowsize": "0.5",
      "splines": "true"
    },
    "graph": {
      "scale": "1",
      "splines": "spline",
      "rankdir": "LR",
      "ratio": "0.5",
      "overlap": "false"
    }
  },
  "nodes": [
    {
      "id": 0
    },
    {
      "id": 1
    },
    {
      "id": 2
    },
    {
      "id": 3
    },
    {
      "id": 4
    }
  ],
  "links": [
    {
      "pt": 1,
      "capacity": 1,
      "from_pd": 13,
      "to_pd": 1,
      "source": 1,
      "target": 0,
      "key": 0
    },
    {
      "pt": 5,
      "capacity": 1,
      "from_pd": 17,
      "to_pd": 1,
      "source": 1,
      "target": 4,
      "key": 0
    },
    {
      "pt": 8,
      "capacity": 1,
      "from_pd": 14,
      "to_pd": 8,
      "source": 1,
      "target": 3,
      "key": 0
    },
    {
      "pt": 4,
      "capacity": 1,
      "from_pd": 11,
      "to_pd": 9,
      "source": 2,
      "target": 0,
      "key": 0
    },
    {
      "pt": 12,
      "capacity": 1,
      "from_pd": 0,
      "to_pd": 17,
      "source": 2,
      "target": 0,
      "key": 1
    },
    {
      "pt": 3,
      "capacity": 1,
      "from_pd": 9,
      "to_pd": 12,
      "source": 2,
      "target": 1,
      "key": 0
    },
    {
      "pt": 14,
      "capacity": 1,
      "from_pd": 13,
      "to_pd": 4,
      "source": 3,
      "target": 2,
      "key": 0
    },
    {
      "pt": 2,
      "capacity": 1,
      "from_pd": 3,
      "to_pd": 5,
      "source": 3,
      "target": 2,
      "key": 1
    },
    {
      "pt": 2,
      "capacity": 1,
      "from_pd": 0,
      "to_pd": 0,
      "source": 3,
      "target": 4,
      "key": 0
    },
    {
      "pt": 10,
      "capacity": 1,
      "from_pd": 11,
      "to_pd": 0,
      "source": 3,
      "target": 0,
      "key": 0
    }
  ],

  "num_nodes": 5,
  "num_trans_site": 10,
  "flexible": true,
  "node_init_pos": 0,
  "num_node_veh":
    [1, 1, 1, 1, 1],
  "num_pds_in_node":
    [20, 18, 14, 14, 2],
  "node_from_to":
    [[[0, 7, 24, 28, 5, 4, 27, 14, 23, 21, 16, 27, 15, 25, 27, 29, 6, 23, 19, 28],
      [7, 0, 20, 22, 3, 8, 20, 10, 20, 17, 9, 22, 12, 19, 21, 23, 4, 19, 13, 23],
      [24, 20, 0, 13, 22, 21, 23, 27, 3, 30, 20, 33, 9, 13, 18, 17, 18, 1, 23, 35],
      [28, 22, 13, 0, 24, 27, 13, 24, 15, 24, 16, 26, 17, 4, 7, 5, 22, 13, 17, 27],
      [5, 3, 22, 24, 0, 7, 22, 11, 21, 18, 11, 23, 13, 21, 23, 25, 4, 21, 15, 24],
      [4, 8, 21, 27, 7, 0, 28, 17, 20, 24, 17, 30, 13, 25, 27, 29, 6, 21, 21, 31],
      [27, 20, 23, 13, 22, 28, 0, 17, 25, 13, 11, 13, 22, 11, 7, 11, 22, 23, 9, 15],
      [14, 10, 27, 24, 11, 17, 17, 0, 27, 8, 8, 13, 20, 21, 20, 24, 13, 27, 9, 14],
      [23, 20, 3, 15, 21, 20, 25, 27, 0, 31, 20, 34, 8, 15, 20, 19, 18, 2, 24, 36],
      [21, 17, 30, 24, 18, 24, 13, 8, 31, 0, 11, 6, 25, 21, 18, 22, 20, 30, 8, 7],
      [16, 9, 20, 16, 11, 17, 11, 8, 20, 11, 0, 15, 15, 13, 13, 16, 12, 20, 5, 17],
      [27, 22, 33, 26, 23, 30, 13, 13, 34, 6, 15, 0, 29, 23, 19, 23, 25, 33, 11, 2],
      [15, 12, 9, 17, 13, 13, 22, 20, 8, 25, 15, 29, 0, 15, 19, 20, 10, 9, 19, 31],
      [25, 19, 13, 4, 21, 25, 11, 21, 15, 21, 13, 23, 15, 0, 5, 5, 20, 14, 14, 24],
      [27, 21, 18, 7, 23, 27, 7, 20, 20, 18, 13, 19, 19, 5, 0, 5, 22, 18, 12, 21],
      [29, 23, 17, 5, 25, 29, 11, 24, 19, 22, 16, 23, 20, 5, 5, 0, 24, 17, 16, 25],
      [6, 4, 18, 22, 4, 6, 22, 13, 18, 20, 12, 25, 10, 20, 22, 24, 0, 18, 16, 26],
      [23, 19, 1, 13, 21, 21, 23, 27, 2, 30, 20, 33, 9, 14, 18, 17, 18, 0, 23, 35],
      [19, 13, 23, 17, 15, 21, 9, 9, 24, 8, 5, 11, 19, 14, 12, 16, 16, 23, 0, 13],
      [28,
       23,
       35,
       27,
       24,
       31,
       15,
       14,
       36,
       7,
       17,
       2,
       31,
       24,
       21,
       25,
       26,
       35,
       13,
       0]],
     [[0, 1, 15, 23, 15, 21, 18, 8, 10, 14, 19, 25, 25, 22, 18, 25, 16, 20],
      [1, 0, 14, 23, 14, 21, 18, 8, 9, 14, 19, 24, 25, 22, 18, 24, 15, 19],
      [15, 14, 0, 10, 7, 12, 13, 10, 7, 21, 6, 12, 12, 15, 19, 12, 5, 7],
      [23, 23, 10, 0, 10, 17, 13, 17, 16, 30, 9, 11, 3, 12, 21, 11, 8, 10],
      [15, 14, 7, 10, 0, 19, 7, 8, 11, 25, 12, 17, 13, 9, 13, 17, 4, 13],
      [21, 21, 12, 17, 19, 0, 25, 20, 12, 19, 9, 9, 17, 26, 31, 9, 16, 8],
      [18, 18, 13, 13, 7, 25, 0, 11, 17, 30, 17, 22, 15, 5, 9, 22, 10, 18],
      [8, 8, 10, 17, 8, 20, 11, 0, 9, 20, 15, 21, 19, 15, 12, 21, 9, 16],
      [10, 9, 7, 16, 11, 12, 17, 9, 0, 15, 10, 16, 18, 19, 20, 16, 10, 11],
      [14, 14, 21, 30, 25, 19, 30, 20, 15, 0, 23, 27, 32, 33, 31, 27, 24, 23],
      [19, 19, 6, 9, 12, 9, 17, 15, 10, 23, 0, 6, 10, 18, 24, 6, 8, 1],
      [25, 24, 12, 11, 17, 9, 22, 21, 16, 27, 6, 0, 11, 22, 29, 1, 14, 6],
      [25, 25, 12, 3, 13, 17, 15, 19, 18, 32, 10, 11, 0, 14, 23, 10, 10, 11],
      [22, 22, 15, 12, 9, 26, 5, 15, 19, 33, 18, 22, 14, 0, 11, 22, 11, 19],
      [18, 18, 19, 21, 13, 31, 9, 12, 20, 31, 24, 29, 23, 11, 0, 29, 16, 25],
      [25, 24, 12, 11, 17, 9, 22, 21, 16, 27, 6, 1, 10, 22, 29, 0, 13, 6],
      [16, 15, 5, 8, 4, 16, 10, 9, 10, 24, 8, 14, 10, 11, 16, 13, 0, 9],
      [20, 19, 7, 10, 13, 8, 18, 16, 11, 23, 1, 6, 11, 19, 25, 6, 9, 0]],
     [[0, 17, 20, 21, 20, 30, 6, 22, 19, 24, 22, 20, 29, 5],
      [17, 0, 13, 15, 9, 17, 15, 21, 3, 8, 16, 6, 17, 12],
      [20, 13, 0, 2, 6, 12, 15, 9, 16, 16, 3, 10, 10, 16],
      [21, 15, 2, 0, 7, 12, 16, 8, 17, 17, 2, 11, 10, 17],
      [20, 9, 6, 7, 0, 10, 16, 14, 11, 11, 8, 5, 9, 16],
      [30, 17, 12, 12, 10, 0, 25, 18, 18, 14, 12, 12, 2, 25],
      [6, 15, 15, 16, 16, 25, 0, 16, 17, 22, 16, 17, 24, 5],
      [22, 21, 9, 8, 14, 18, 16, 0, 24, 25, 7, 19, 16, 20],
      [19, 3, 16, 17, 11, 18, 17, 24, 0, 6, 18, 7, 18, 15],
      [24, 8, 16, 17, 11, 14, 22, 25, 6, 0, 19, 7, 15, 20],
      [22, 16, 3, 2, 8, 12, 16, 7, 18, 19, 0, 13, 10, 18],
      [20, 6, 10, 11, 5, 12, 17, 19, 7, 7, 13, 0, 11, 16],
      [29, 17, 10, 10, 9, 2, 24, 16, 18, 15, 10, 11, 0, 24],
      [5, 12, 16, 17, 16, 25, 5, 20, 15, 20, 18, 16, 24, 0]],
     [[0, 17, 18, 10, 4, 23, 18, 17, 16, 12, 20, 22, 8, 18],
      [17, 0, 22, 23, 17, 14, 23, 1, 3, 6, 4, 12, 13, 5],
      [18, 22, 0, 14, 15, 14, 2, 21, 23, 19, 22, 15, 12, 18],
      [10, 23, 14, 0, 7, 24, 13, 23, 23, 18, 26, 23, 11, 22],
      [4, 17, 15, 7, 0, 21, 15, 17, 16, 12, 20, 20, 6, 17],
      [23, 14, 14, 24, 21, 0, 16, 14, 17, 15, 13, 3, 16, 10],
      [18, 23, 2, 13, 15, 16, 0, 22, 24, 19, 24, 17, 13, 19],
      [17, 1, 21, 23, 17, 14, 22, 0, 4, 6, 3, 12, 13, 4],
      [16, 3, 23, 23, 16, 17, 24, 4, 0, 5, 6, 15, 13, 7],
      [12, 6, 19, 18, 12, 15, 19, 6, 5, 0, 9, 13, 8, 7],
      [20, 4, 22, 26, 20, 13, 24, 3, 6, 9, 0, 11, 16, 5],
      [22, 12, 15, 23, 20, 3, 17, 12, 15, 13, 11, 0, 15, 8],
      [8, 13, 12, 11, 6, 16, 13, 13, 13, 8, 16, 15, 0, 12],
      [18, 5, 18, 22, 17, 10, 19, 4, 7, 7, 5, 8, 12, 0]],
     [[0, 4], [4, 0]]],
  "trans_sites":
    [[1, 13, 0, 1, 1, 1],
     [1, 17, 4, 1, 5, 1],
     [1, 14, 3, 8, 8, 1],
     [2, 11, 0, 9, 4, 1],
     [2, 0, 0, 17, 4, 1],
     [2, 9, 1, 12, 3, 1],
     [3, 13, 2, 4, 14, 1],
     [3, 3, 2, 5, 14, 1],
     [3, 0, 4, 0, 2, 1],
     [3, 11, 0, 0, 10, 1]]
}