{
  "directed": true,
  "multigraph": true,
  "graph": {
    "node": {
      "shape": "circle",
      "fontsize": "25"
    },
    "edge": {
      "arrowsize": "0.5",
      "splines": "true"
    },
    "graph": {
      "scale": "1",
      "splines": "spline",
      "rankdir": "LR",
      "ratio": "0.5",
      "overlap": "false"
    }
  },
  "nodes": [
    {
      "id": 0
    },
    {
      "id": 1
    },
    {
      "id": 2
    },
    {
      "id": 3
    },
    {
      "id": 4
    }
  ],
  "links": [
    {
      "pt": 12,
      "capacity": 1,
      "from_pd": 7,
      "to_pd": 7,
      "source": 0,
      "target": 1,
      "key": 0
    },
    {
      "pt": 14,
      "capacity": 1,
      "from_pd": 8,
      "to_pd": 9,
      "source": 0,
      "target": 2,
      "key": 0
    },
    {
      "pt": 9,
      "capacity": 1,
      "from_pd": 10,
      "to_pd": 0,
      "source": 1,
      "target": 3,
      "key": 0
    },
    {
      "pt": 13,
      "capacity": 1,
      "from_pd": 8,
      "to_pd": 9,
      "source": 2,
      "target": 1,
      "key": 0
    },
    {
      "pt": 10,
      "capacity": 1,
      "from_pd": 5,
      "to_pd": 0,
      "source": 2,
      "target": 4,
      "key": 0
    },
    {
      "pt": 2,
      "capacity": 1,
      "from_pd": 4,
      "to_pd": 1,
      "source": 3,
      "target": 2,
      "key": 0
    },
    {
      "pt": 11,
      "capacity": 1,
      "from_pd": 8,
      "to_pd": 4,
      "source": 3,
      "target": 4,
      "key": 0
    },
    {
      "pt": 12,
      "capacity": 1,
      "from_pd": 2,
      "to_pd": 1,
      "source": 4,
      "target": 1,
      "key": 0
    },
    {
      "pt": 20,
      "capacity": 1,
      "from_pd": 3,
      "to_pd": 5,
      "source": 4,
      "target": 1,
      "key": 1
    },
    {
      "pt": 18,
      "capacity": 1,
      "from_pd": 1,
      "to_pd": 5,
      "source": 4,
      "target": 0,
      "key": 0
    }
  ],

  "num_nodes": 5,
  "num_trans_site": 10,
  "flexible": true,
  "node_init_pos": 0,
  "num_node_veh":
    [1, 1, 1, 1, 1],
  "num_pds_in_node":
    [15, 11, 11, 9, 5],
  "node_from_to":
    [[[0, 20, 20, 15, 19, 5, 2, 23, 19, 15, 8, 10, 22, 15, 4],
      [20, 0, 5, 12, 2, 17, 19, 6, 20, 7, 22, 18, 16, 5, 23],
      [20, 5, 0, 9, 3, 16, 19, 4, 24, 5, 24, 16, 20, 7, 23],
      [15, 12, 9, 0, 10, 11, 15, 11, 26, 5, 21, 8, 25, 10, 18],
      [19, 2, 3, 10, 0, 16, 19, 5, 22, 6, 22, 16, 18, 5, 23],
      [5, 17, 16, 11, 16, 0, 5, 19, 21, 12, 12, 5, 23, 12, 8],
      [2, 19, 19, 15, 19, 5, 0, 22, 17, 15, 7, 10, 21, 14, 5],
      [23, 6, 4, 11, 5, 19, 22, 0, 25, 8, 26, 19, 21, 9, 26],
      [19, 20, 24, 26, 22, 21, 17, 25, 0, 22, 13, 25, 8, 18, 21],
      [15, 7, 5, 5, 6, 12, 15, 8, 22, 0, 20, 11, 20, 5, 19],
      [8, 22, 24, 21, 22, 12, 7, 26, 13, 20, 0, 17, 18, 18, 9],
      [10, 18, 16, 8, 16, 5, 10, 19, 25, 11, 17, 0, 26, 14, 11],
      [22, 16, 20, 25, 18, 23, 21, 21, 8, 20, 18, 26, 0, 16, 25],
      [15, 5, 7, 10, 5, 12, 14, 9, 18, 5, 18, 14, 16, 0, 19],
      [4, 23, 23, 18, 23, 8, 5, 26, 21, 19, 9, 11, 25, 19, 0]],
     [[0, 17, 7, 8, 10, 4, 17, 7, 11, 12, 7],
      [17, 0, 14, 15, 17, 14, 4, 14, 8, 21, 14],
      [7, 14, 0, 13, 16, 6, 14, 1, 7, 8, 12],
      [8, 15, 13, 0, 3, 8, 17, 13, 12, 19, 1],
      [10, 17, 16, 3, 0, 11, 19, 15, 15, 21, 4],
      [4, 14, 6, 8, 11, 0, 14, 5, 8, 12, 7],
      [17, 4, 14, 17, 19, 14, 0, 14, 7, 20, 16],
      [7, 14, 1, 13, 15, 5, 14, 0, 7, 8, 12],
      [11, 8, 7, 12, 15, 8, 7, 7, 0, 14, 12],
      [12, 21, 8, 19, 21, 12, 20, 8, 14, 0, 18],
      [7, 14, 12, 1, 4, 7, 16, 12, 12, 18, 0]],
     [[0, 14, 12, 12, 15, 18, 23, 16, 23, 22, 10],
      [14, 0, 10, 3, 19, 15, 14, 12, 16, 13, 14],
      [12, 10, 0, 10, 10, 7, 11, 5, 11, 11, 6],
      [12, 3, 10, 0, 19, 16, 16, 13, 18, 15, 14],
      [15, 19, 10, 19, 0, 10, 17, 10, 15, 18, 6],
      [18, 15, 7, 16, 10, 0, 7, 3, 6, 8, 10],
      [23, 14, 11, 16, 17, 7, 0, 8, 3, 3, 16],
      [16, 12, 5, 13, 10, 3, 8, 0, 7, 8, 9],
      [23, 16, 11, 18, 15, 6, 3, 7, 0, 5, 15],
      [22, 13, 11, 15, 18, 8, 3, 8, 5, 0, 16],
      [10, 14, 6, 14, 6, 10, 16, 9, 15, 16, 0]],
     [[0, 4, 13, 14, 18, 10, 14, 8, 14],
      [4, 0, 9, 11, 15, 9, 10, 5, 12],
      [13, 9, 0, 5, 8, 11, 2, 6, 10],
      [14, 11, 5, 0, 12, 15, 4, 7, 15],
      [18, 15, 8, 12, 0, 12, 9, 13, 8],
      [10, 9, 11, 15, 12, 0, 13, 11, 4],
      [14, 10, 2, 4, 9, 13, 0, 6, 12],
      [8, 5, 6, 7, 13, 11, 6, 0, 12],
      [14, 12, 10, 15, 8, 4, 12, 12, 0]],
     [[0, 14, 8, 12, 10],
      [14, 0, 12, 12, 8],
      [8, 12, 0, 16, 4],
      [12, 12, 16, 0, 15],
      [10, 8, 4, 15, 0]]],
  "trans_sites":
    [[0, 7, 1, 7, 12, 1],
     [0, 8, 2, 9, 14, 1],
     [1, 10, 3, 0, 9, 1],
     [2, 8, 1, 9, 13, 1],
     [2, 5, 4, 0, 10, 1],
     [3, 4, 2, 1, 2, 1],
     [3, 8, 4, 4, 11, 1],
     [4, 2, 1, 1, 12, 1],
     [4, 3, 1, 5, 12, 1],
     [4, 1, 0, 5, 18, 1]]
}