{
  "directed": true,
  "multigraph": true,
  "graph": {
    "node": {
      "shape": "circle",
      "fontsize": "25"
    },
    "edge": {
      "arrowsize": "0.5",
      "splines": "true"
    },
    "graph": {
      "scale": "1",
      "splines": "spline",
      "rankdir": "LR",
      "ratio": "0.5",
      "overlap": "false"
    }
  },
  "nodes": [
    {
      "id": 0
    },
    {
      "id": 1
    },
    {
      "id": 2
    },
    {
      "id": 3
    },
    {
      "id": 4
    }
  ],
  "links": [
    {
      "pt": 1,
      "capacity": 1,
      "from_pd": 16,
      "to_pd": 17,
      "source": 0,
      "target": 1,
      "key": 0
    },
    {
      "pt": 11,
      "capacity": 1,
      "from_pd": 14,
      "to_pd": 6,
      "source": 0,
      "target": 3,
      "key": 0
    },
    {
      "pt": 1,
      "capacity": 1,
      "from_pd": 11,
      "to_pd": 1,
      "source": 0,
      "target": 4,
      "key": 0
    },
    {
      "pt": 5,
      "capacity": 1,
      "from_pd": 10,
      "to_pd": 1,
      "source": 1,
      "target": 2,
      "key": 0
    },
    {
      "pt": 5,
      "capacity": 1,
      "from_pd": 16,
      "to_pd": 3,
      "source": 1,
      "target": 4,
      "key": 0
    },
    {
      "pt": 12,
      "capacity": 1,
      "from_pd": 6,
      "to_pd": 1,
      "source": 2,
      "target": 0,
      "key": 0
    },
    {
      "pt": 1,
      "capacity": 1,
      "from_pd": 11,
      "to_pd": 1,
      "source": 2,
      "target": 3,
      "key": 0
    },
    {
      "pt": 13,
      "capacity": 1,
      "from_pd": 2,
      "to_pd": 2,
      "source": 3,
      "target": 4,
      "key": 0
    },
    {
      "pt": 11,
      "capacity": 1,
      "from_pd": 12,
      "to_pd": 9,
      "source": 3,
      "target": 2,
      "key": 0
    },
    {
      "pt": 1,
      "capacity": 1,
      "from_pd": 5,
      "to_pd": 0,
      "source": 4,
      "target": 2,
      "key": 0
    }
  ],

  "num_nodes": 5,
  "num_trans_site": 10,
  "flexible": true,
  "node_init_pos": 0,
  "num_node_veh":
    [1, 1, 1, 1, 1],
  "num_pds_in_node":
    [19, 18, 16, 13, 7],
  "node_from_to":
    [[[0, 6, 8, 24, 9, 22, 14, 25, 12, 25, 23, 4, 14, 7, 18, 8, 21, 7, 16],
      [6, 0, 13, 25, 4, 21, 8, 22, 9, 23, 24, 5, 8, 11, 22, 3, 21, 11, 19],
      [8, 13, 0, 18, 15, 18, 19, 23, 20, 23, 17, 12, 20, 12, 10, 14, 16, 2, 8],
      [24, 25, 18, 0, 26, 7, 27, 14, 33, 14, 3, 27, 30, 29, 16, 24, 5, 20, 11],
      [9, 4, 15, 26, 0, 22, 5, 22, 7, 23, 26, 7, 5, 13, 25, 3, 22, 14, 21],
      [22, 21, 18, 7, 22, 0, 23, 8, 29, 7, 8, 24, 26, 28, 20, 20, 4, 19, 14],
      [14, 8, 19, 27, 5, 23, 0, 21, 9, 21, 27, 12, 4, 17, 29, 6, 23, 18, 24],
      [25, 22, 23, 14, 22, 8, 21, 0, 29, 1, 15, 26, 25, 31, 27, 20, 11, 24, 20],
      [12, 9, 20, 33, 7, 29, 9, 29, 0, 29, 32, 9, 6, 12, 29, 9, 29, 18, 27],
      [25, 23, 23, 14, 23, 7, 21, 1, 29, 0, 15, 26, 25, 31, 27, 21, 11, 24, 21],
      [23, 24, 17, 3, 26, 8, 27, 15, 32, 15, 0, 26, 30, 28, 14, 23, 6, 18, 9],
      [4, 5, 12, 27, 7, 24, 12, 26, 9, 26, 26, 0, 11, 6, 21, 7, 23, 10, 19],
      [14, 8, 20, 30, 5, 26, 4, 25, 6, 25, 30, 11, 0, 16, 30, 7, 26, 19, 26],
      [7, 11, 12, 29, 13, 28, 17, 31, 12, 31, 28, 6, 16, 0, 21, 13, 26, 10, 20],
      [18, 22, 10, 16, 25, 20, 29, 27, 29, 27, 14, 21, 30, 21, 0, 23, 17, 12, 7],
      [8, 3, 14, 24, 3, 20, 6, 20, 9, 21, 23, 7, 7, 13, 23, 0, 20, 13, 19],
      [21, 21, 16, 5, 22, 4, 23, 11, 29, 11, 6, 23, 26, 26, 17, 20, 0, 17, 11],
      [7, 11, 2, 20, 14, 19, 18, 24, 18, 24, 18, 10, 19, 10, 12, 13, 17, 0, 10],
      [16, 19, 8, 11, 21, 14, 24, 20, 27, 21, 9, 19, 26, 20, 7, 19, 11, 10, 0]],
     [[0, 11, 26, 22, 19, 17, 16, 21, 11, 3, 10, 19, 7, 12, 12, 13, 1, 17],
      [11, 0, 26, 23, 9, 23, 6, 28, 7, 13, 18, 24, 7, 20, 6, 3, 11, 18],
      [26, 26, 0, 5, 25, 15, 25, 18, 20, 25, 35, 11, 29, 22, 20, 26, 25, 9],
      [22, 23, 5, 0, 23, 11, 23, 15, 17, 20, 30, 7, 26, 17, 18, 23, 21, 5],
      [19, 9, 25, 23, 0, 27, 3, 32, 10, 20, 27, 27, 15, 26, 8, 6, 18, 20],
      [17, 23, 15, 11, 27, 0, 25, 6, 18, 15, 24, 4, 23, 8, 19, 24, 16, 9],
      [16, 6, 25, 23, 3, 25, 0, 31, 8, 18, 24, 25, 12, 24, 7, 4, 16, 19],
      [21, 28, 18, 15, 32, 6, 31, 0, 23, 18, 26, 8, 27, 10, 25, 29, 20, 14],
      [11, 7, 20, 17, 10, 18, 8, 23, 0, 12, 21, 18, 11, 17, 2, 7, 11, 12],
      [3, 13, 25, 20, 20, 15, 18, 18, 12, 0, 11, 18, 9, 9, 13, 15, 3, 16],
      [10, 18, 35, 30, 27, 24, 24, 26, 21, 11, 0, 27, 12, 16, 21, 21, 11, 26],
      [19, 24, 11, 7, 27, 4, 25, 8, 18, 18, 27, 0, 25, 12, 20, 25, 19, 7],
      [7, 7, 29, 26, 15, 23, 12, 27, 11, 9, 12, 25, 0, 18, 11, 9, 7, 21],
      [12, 20, 22, 17, 26, 8, 24, 10, 17, 9, 16, 12, 18, 0, 19, 22, 11, 14],
      [12, 6, 20, 18, 8, 19, 7, 25, 2, 13, 21, 20, 11, 19, 0, 6, 12, 13],
      [13, 3, 26, 23, 6, 24, 4, 29, 7, 15, 21, 25, 9, 22, 6, 0, 13, 19],
      [1, 11, 25, 21, 18, 16, 16, 20, 11, 3, 11, 19, 7, 11, 12, 13, 0, 16],
      [17, 18, 9, 5, 20, 9, 19, 14, 12, 16, 26, 7, 21, 14, 13, 19, 16, 0]],
     [[0, 8, 3, 5, 11, 10, 20, 3, 27, 12, 24, 13, 18, 14, 21, 24],
      [8, 0, 8, 8, 8, 4, 13, 7, 19, 12, 17, 7, 11, 9, 15, 17],
      [3, 8, 0, 2, 9, 10, 19, 6, 26, 10, 24, 14, 18, 15, 22, 22],
      [5, 8, 2, 0, 8, 10, 18, 7, 25, 8, 25, 14, 18, 16, 22, 21],
      [11, 8, 9, 8, 0, 6, 11, 12, 19, 6, 21, 11, 13, 15, 21, 14],
      [10, 4, 10, 10, 6, 0, 10, 10, 17, 11, 16, 5, 9, 9, 15, 14],
      [20, 13, 19, 18, 11, 10, 0, 20, 9, 16, 15, 10, 6, 15, 17, 5],
      [3, 7, 6, 7, 12, 10, 20, 0, 26, 14, 22, 12, 18, 12, 19, 24],
      [27, 19, 26, 25, 19, 17, 9, 26, 0, 24, 12, 15, 9, 18, 16, 10],
      [12, 12, 10, 8, 6, 11, 16, 14, 24, 0, 27, 16, 18, 20, 26, 17],
      [24, 17, 24, 25, 21, 16, 15, 22, 12, 27, 0, 11, 10, 11, 5, 19],
      [13, 7, 14, 14, 11, 5, 10, 12, 15, 16, 11, 0, 6, 6, 10, 15],
      [18, 11, 18, 18, 13, 9, 6, 18, 9, 18, 10, 6, 0, 10, 11, 11],
      [14, 9, 15, 16, 15, 9, 15, 12, 18, 20, 11, 6, 10, 0, 7, 20],
      [21, 15, 22, 22, 21, 15, 17, 19, 16, 26, 5, 10, 11, 7, 0, 22],
      [24, 17, 22, 21, 14, 14, 5, 24, 10, 17, 19, 15, 11, 20, 22, 0]],
     [[0, 6, 15, 14, 24, 2, 27, 10, 11, 18, 10, 9, 15],
      [6, 0, 11, 11, 19, 8, 22, 5, 8, 13, 7, 10, 12],
      [15, 11, 0, 18, 17, 17, 21, 7, 6, 4, 16, 12, 2],
      [14, 11, 18, 0, 16, 15, 15, 12, 18, 19, 5, 20, 19],
      [24, 19, 17, 16, 0, 26, 6, 16, 20, 14, 18, 26, 18],
      [2, 8, 17, 15, 26, 0, 28, 12, 12, 20, 11, 9, 17],
      [27, 22, 21, 15, 6, 28, 0, 19, 24, 19, 19, 30, 23],
      [10, 5, 7, 12, 16, 12, 19, 0, 6, 9, 10, 11, 8],
      [11, 8, 6, 18, 20, 12, 24, 6, 0, 9, 15, 7, 5],
      [18, 13, 4, 19, 14, 20, 19, 9, 9, 0, 17, 15, 5],
      [10, 7, 16, 5, 18, 11, 19, 10, 15, 17, 0, 16, 17],
      [9, 10, 12, 20, 26, 9, 30, 11, 7, 15, 16, 0, 11],
      [15, 12, 2, 19, 18, 17, 23, 8, 5, 5, 17, 11, 0]],
     [[0, 10, 6, 14, 9, 9, 14],
      [10, 0, 5, 5, 10, 2, 7],
      [6, 5, 0, 8, 7, 4, 8],
      [14, 5, 8, 0, 12, 6, 5],
      [9, 10, 7, 12, 0, 9, 9],
      [9, 2, 4, 6, 9, 0, 8],
      [14, 7, 8, 5, 9, 8, 0]]],
  "trans_sites":
    [[0, 16, 1, 17, 1, 1],
     [0, 14, 3, 6, 11, 1],
     [0, 11, 4, 1, 1, 1],
     [1, 10, 2, 1, 5, 1],
     [1, 16, 4, 3, 5, 1],
     [2, 6, 0, 1, 12, 1],
     [2, 11, 3, 1, 1, 1],
     [3, 2, 4, 2, 13, 1],
     [3, 12, 2, 9, 11, 1],
     [4, 5, 2, 0, 1, 1]]
}