{
  "directed": true,
  "multigraph": true,
  "graph": {
    "node": {
      "shape": "circle",
      "fontsize": "25"
    },
    "edge": {
      "arrowsize": "0.5",
      "splines": "true"
    },
    "graph": {
      "scale": "1",
      "splines": "spline",
      "rankdir": "LR",
      "ratio": "0.5",
      "overlap": "false"
    }
  },
  "nodes": [
    {
      "id": 0
    },
    {
      "id": 1
    },
    {
      "id": 2
    },
    {
      "id": 3
    },
    {
      "id": 4
    }
  ],
  "links": [
    {
      "pt": 3,
      "capacity": 1,
      "from_pd": 1,
      "to_pd": 3,
      "source": 0,
      "target": 1,
      "key": 0
    },
    {
      "pt": 19,
      "capacity": 1,
      "from_pd": 6,
      "to_pd": 3,
      "source": 1,
      "target": 2,
      "key": 0
    },
    {
      "pt": 15,
      "capacity": 1,
      "from_pd": 5,
      "to_pd": 2,
      "source": 1,
      "target": 4,
      "key": 0
    },
    {
      "pt": 10,
      "capacity": 1,
      "from_pd": 6,
      "to_pd": 0,
      "source": 2,
      "target": 3,
      "key": 0
    },
    {
      "pt": 10,
      "capacity": 1,
      "from_pd": 1,
      "to_pd": 9,
      "source": 2,
      "target": 1,
      "key": 0
    },
    {
      "pt": 19,
      "capacity": 1,
      "from_pd": 1,
      "to_pd": 14,
      "source": 3,
      "target": 0,
      "key": 0
    },
    {
      "pt": 10,
      "capacity": 1,
      "from_pd": 3,
      "to_pd": 8,
      "source": 3,
      "target": 0,
      "key": 1
    },
    {
      "pt": 13,
      "capacity": 1,
      "from_pd": 2,
      "to_pd": 7,
      "source": 3,
      "target": 1,
      "key": 0
    },
    {
      "pt": 11,
      "capacity": 1,
      "from_pd": 4,
      "to_pd": 2,
      "source": 3,
      "target": 2,
      "key": 0
    },
    {
      "pt": 20,
      "capacity": 1,
      "from_pd": 1,
      "to_pd": 6,
      "source": 4,
      "target": 3,
      "key": 0
    }
  ],

  "num_nodes": 5,
  "num_trans_site": 10,
  "flexible": true,
  "node_init_pos": 0,
  "num_node_veh":
    [1, 1, 1, 1, 1],
  "num_pds_in_node":
    [16, 10, 7, 7, 6],
  "node_from_to":
    [[[0, 25, 19, 20, 25, 13, 26, 25, 29, 18, 27, 18, 16, 23, 19, 20],
      [25, 0, 15, 12, 14, 13, 3, 22, 18, 28, 17, 8, 11, 8, 8, 26],
      [19, 15, 0, 20, 7, 11, 14, 9, 11, 14, 8, 14, 8, 20, 16, 12],
      [20, 12, 20, 0, 23, 12, 14, 28, 27, 30, 26, 7, 13, 5, 5, 30],
      [25, 14, 7, 23, 0, 16, 12, 9, 5, 19, 4, 17, 11, 21, 18, 16],
      [13, 13, 11, 12, 16, 0, 14, 19, 20, 19, 18, 7, 5, 13, 8, 19],
      [26, 3, 14, 14, 12, 14, 0, 20, 15, 28, 15, 10, 11, 11, 11, 25],
      [25, 22, 9, 28, 9, 19, 20, 0, 9, 13, 7, 22, 16, 28, 24, 9],
      [29, 18, 11, 27, 5, 20, 15, 9, 0, 21, 3, 21, 16, 25, 22, 17],
      [18, 28, 14, 30, 19, 19, 28, 13, 21, 0, 18, 25, 19, 31, 27, 4],
      [27, 17, 8, 26, 4, 18, 15, 7, 3, 18, 0, 20, 14, 24, 21, 15],
      [18, 8, 14, 7, 17, 7, 10, 22, 21, 25, 20, 0, 7, 7, 2, 24],
      [16, 11, 8, 13, 11, 5, 11, 16, 16, 19, 14, 7, 0, 13, 9, 17],
      [23, 8, 20, 5, 21, 13, 11, 28, 25, 31, 24, 7, 13, 0, 5, 30],
      [19, 8, 16, 5, 18, 8, 11, 24, 22, 27, 21, 2, 9, 5, 0, 26],
      [20, 26, 12, 30, 16, 19, 25, 9, 17, 4, 15, 24, 17, 30, 26, 0]],
     [[0, 4, 15, 21, 7, 10, 16, 19, 8, 22],
      [4, 0, 11, 17, 5, 8, 13, 15, 8, 19],
      [15, 11, 0, 7, 8, 9, 8, 5, 14, 9],
      [21, 17, 7, 0, 14, 14, 12, 5, 19, 4],
      [7, 5, 8, 14, 0, 4, 13, 13, 6, 16],
      [10, 8, 9, 14, 4, 0, 15, 14, 5, 14],
      [16, 13, 8, 12, 13, 15, 0, 7, 19, 15],
      [19, 15, 5, 5, 13, 14, 7, 0, 18, 8],
      [8, 8, 14, 19, 6, 5, 19, 18, 0, 19],
      [22, 19, 9, 4, 16, 14, 15, 8, 19, 0]],
     [[0, 5, 13, 9, 12, 17, 19],
      [5, 0, 9, 9, 9, 13, 14],
      [13, 9, 0, 16, 13, 7, 12],
      [9, 9, 16, 0, 7, 17, 16],
      [12, 9, 13, 7, 0, 12, 10],
      [17, 13, 7, 17, 12, 0, 6],
      [19, 14, 12, 16, 10, 6, 0]],
     [[0, 5, 4, 16, 8, 16, 15],
      [5, 0, 8, 21, 12, 20, 19],
      [4, 8, 0, 13, 5, 13, 12],
      [16, 21, 13, 0, 9, 6, 5],
      [8, 12, 5, 9, 0, 10, 8],
      [16, 20, 13, 6, 10, 0, 2],
      [15, 19, 12, 5, 8, 2, 0]],
     [[0, 5, 2, 11, 5, 11],
      [5, 0, 4, 16, 2, 16],
      [2, 4, 0, 12, 4, 13],
      [11, 16, 12, 0, 15, 1],
      [5, 2, 4, 15, 0, 16],
      [11, 16, 13, 1, 16, 0]]],
  "trans_sites":
    [[0, 1, 1, 3, 3, 1],
     [1, 6, 2, 3, 19, 1],
     [1, 5, 4, 2, 15, 1],
     [2, 6, 3, 0, 10, 1],
     [2, 1, 1, 9, 10, 1],
     [3, 1, 0, 14, 19, 1],
     [3, 3, 0, 8, 19, 1],
     [3, 2, 1, 7, 13, 1],
     [3, 4, 2, 2, 11, 1],
     [4, 1, 3, 6, 20, 1]]
}