{
  "directed": true,
  "multigraph": true,
  "graph": {
    "node": {
      "shape": "circle",
      "fontsize": "25"
    },
    "edge": {
      "arrowsize": "0.5",
      "splines": "true"
    },
    "graph": {
      "scale": "1",
      "splines": "spline",
      "rankdir": "LR",
      "ratio": "0.5",
      "overlap": "false"
    }
  },
  "nodes": [
    {
      "id": 0
    },
    {
      "id": 1
    },
    {
      "id": 2
    },
    {
      "id": 3
    },
    {
      "id": 4
    }
  ],
  "links": [
    {
      "pt": 18,
      "capacity": 1,
      "from_pd": 1,
      "to_pd": 7,
      "source": 0,
      "target": 3,
      "key": 0
    },
    {
      "pt": 20,
      "capacity": 1,
      "from_pd": 9,
      "to_pd": 11,
      "source": 1,
      "target": 0,
      "key": 0
    },
    {
      "pt": 19,
      "capacity": 1,
      "from_pd": 11,
      "to_pd": 4,
      "source": 2,
      "target": 1,
      "key": 0
    },
    {
      "pt": 12,
      "capacity": 1,
      "from_pd": 2,
      "to_pd": 3,
      "source": 2,
      "target": 0,
      "key": 0
    },
    {
      "pt": 9,
      "capacity": 1,
      "from_pd": 4,
      "to_pd": 6,
      "source": 3,
      "target": 0,
      "key": 0
    },
    {
      "pt": 1,
      "capacity": 1,
      "from_pd": 8,
      "to_pd": 6,
      "source": 3,
      "target": 4,
      "key": 0
    },
    {
      "pt": 19,
      "capacity": 1,
      "from_pd": 2,
      "to_pd": 10,
      "source": 3,
      "target": 1,
      "key": 0
    },
    {
      "pt": 3,
      "capacity": 1,
      "from_pd": 7,
      "to_pd": 1,
      "source": 4,
      "target": 1,
      "key": 0
    },
    {
      "pt": 2,
      "capacity": 1,
      "from_pd": 5,
      "to_pd": 6,
      "source": 4,
      "target": 1,
      "key": 1
    },
    {
      "pt": 3,
      "capacity": 1,
      "from_pd": 1,
      "to_pd": 7,
      "source": 4,
      "target": 2,
      "key": 0
    }
  ],

  "num_nodes": 5,
  "num_trans_site": 10,
  "flexible": true,
  "node_init_pos": 0,
  "num_node_veh":
    [1, 1, 1, 1, 1],
  "num_pds_in_node":
    [17, 14, 12, 12, 10],
  "node_from_to":
    [[[0, 16, 7, 23, 20, 23, 10, 12, 17, 18, 18, 11, 16, 21, 12, 15, 16],
      [16, 0, 11, 14, 17, 13, 10, 11, 8, 14, 12, 7, 17, 6, 10, 18, 13],
      [7, 11, 0, 17, 15, 16, 3, 12, 14, 17, 16, 4, 12, 15, 5, 12, 10],
      [23, 14, 17, 0, 7, 2, 14, 25, 22, 28, 26, 14, 11, 13, 12, 14, 8],
      [20, 17, 15, 7, 0, 8, 12, 25, 24, 29, 27, 14, 5, 18, 10, 7, 5],
      [23, 13, 16, 2, 8, 0, 13, 24, 20, 27, 25, 13, 12, 12, 12, 14, 8],
      [10, 10, 3, 14, 12, 13, 0, 14, 14, 19, 17, 4, 9, 14, 2, 10, 7],
      [12, 11, 12, 25, 25, 24, 14, 0, 7, 6, 6, 12, 23, 16, 15, 23, 20],
      [17, 8, 14, 22, 24, 20, 14, 7, 0, 7, 5, 11, 23, 11, 15, 24, 19],
      [18, 14, 17, 28, 29, 27, 19, 6, 7, 0, 3, 16, 28, 17, 20, 28, 25],
      [18, 12, 16, 26, 27, 25, 17, 6, 5, 3, 0, 14, 26, 15, 18, 27, 23],
      [11, 7, 4, 14, 14, 13, 4, 12, 11, 16, 14, 0, 12, 11, 4, 13, 9],
      [16, 17, 12, 11, 5, 12, 9, 23, 23, 28, 26, 12, 0, 19, 8, 3, 5],
      [21, 6, 15, 13, 18, 12, 14, 16, 11, 17, 15, 11, 19, 0, 13, 21, 15],
      [12, 10, 5, 12, 10, 12, 2, 15, 15, 20, 18, 4, 8, 13, 0, 9, 6],
      [15, 18, 12, 14, 7, 14, 10, 23, 24, 28, 27, 13, 3, 21, 9, 0, 7],
      [16, 13, 10, 8, 5, 8, 7, 20, 19, 25, 23, 9, 5, 15, 6, 7, 0]],
     [[0, 15, 7, 17, 16, 7, 8, 13, 10, 11, 16, 10, 7, 9],
      [15, 0, 16, 16, 11, 17, 8, 9, 6, 25, 8, 22, 9, 21],
      [7, 16, 0, 11, 20, 13, 10, 10, 11, 10, 19, 17, 10, 15],
      [17, 16, 11, 0, 25, 23, 15, 8, 15, 19, 23, 27, 17, 26],
      [16, 11, 20, 25, 0, 13, 11, 18, 11, 26, 4, 17, 10, 17],
      [7, 17, 13, 23, 13, 0, 10, 17, 12, 16, 14, 5, 8, 5],
      [8, 8, 10, 15, 11, 10, 0, 9, 3, 18, 10, 15, 2, 15],
      [13, 9, 10, 8, 18, 17, 9, 0, 8, 19, 15, 22, 10, 21],
      [10, 6, 11, 15, 11, 12, 3, 8, 0, 20, 9, 17, 4, 17],
      [11, 25, 10, 19, 26, 16, 18, 19, 20, 0, 27, 16, 17, 15],
      [16, 8, 19, 23, 4, 14, 10, 15, 9, 27, 0, 19, 10, 19],
      [10, 22, 17, 27, 17, 5, 15, 22, 17, 16, 19, 0, 13, 2],
      [7, 9, 10, 17, 10, 8, 2, 10, 4, 17, 10, 13, 0, 13],
      [9, 21, 15, 26, 17, 5, 15, 21, 17, 15, 19, 2, 13, 0]],
     [[0, 3, 12, 16, 19, 7, 6, 12, 5, 3, 13, 17],
      [3, 0, 14, 18, 22, 6, 9, 14, 8, 2, 15, 18],
      [12, 14, 0, 5, 12, 12, 11, 1, 12, 15, 4, 6],
      [16, 18, 5, 0, 8, 17, 14, 5, 15, 19, 7, 7],
      [19, 22, 12, 8, 0, 22, 15, 11, 16, 22, 14, 15],
      [7, 6, 12, 17, 22, 0, 11, 13, 11, 7, 12, 15],
      [6, 9, 11, 14, 15, 11, 0, 11, 2, 8, 13, 16],
      [12, 14, 1, 5, 11, 13, 11, 0, 12, 15, 4, 7],
      [5, 8, 12, 15, 16, 11, 2, 12, 0, 7, 14, 17],
      [3, 2, 15, 19, 22, 7, 8, 15, 7, 0, 16, 19],
      [13, 15, 4, 7, 14, 12, 13, 4, 14, 16, 0, 4],
      [17, 18, 6, 7, 15, 15, 16, 7, 17, 19, 4, 0]],
     [[0, 20, 19, 15, 10, 22, 16, 14, 12, 12, 21, 7],
      [20, 0, 12, 17, 23, 12, 13, 11, 9, 20, 2, 15],
      [19, 12, 0, 7, 16, 4, 22, 6, 13, 12, 13, 13],
      [15, 17, 7, 0, 10, 11, 23, 6, 13, 6, 17, 10],
      [10, 23, 16, 10, 0, 20, 23, 12, 16, 5, 23, 9],
      [22, 12, 4, 11, 20, 0, 23, 9, 15, 16, 11, 16],
      [16, 13, 22, 23, 23, 23, 0, 17, 10, 23, 14, 15],
      [14, 11, 6, 6, 12, 9, 17, 0, 8, 10, 12, 7],
      [12, 9, 13, 13, 16, 15, 10, 8, 0, 15, 10, 7],
      [12, 20, 12, 6, 5, 16, 23, 10, 15, 0, 21, 9],
      [21, 2, 13, 17, 23, 11, 14, 12, 10, 21, 0, 16],
      [7, 15, 13, 10, 9, 16, 15, 7, 7, 9, 16, 0]],
     [[0, 22, 22, 21, 5, 14, 21, 16, 18, 8],
      [22, 0, 2, 7, 21, 10, 2, 8, 5, 15],
      [22, 2, 0, 5, 20, 10, 3, 7, 5, 15],
      [21, 7, 5, 0, 20, 12, 6, 5, 7, 15],
      [5, 21, 20, 20, 0, 11, 19, 15, 16, 6],
      [14, 10, 10, 12, 11, 0, 9, 8, 6, 6],
      [21, 2, 3, 6, 19, 9, 0, 7, 3, 14],
      [16, 8, 7, 5, 15, 8, 7, 0, 6, 10],
      [18, 5, 5, 7, 16, 6, 3, 6, 0, 11],
      [8, 15, 15, 15, 6, 6, 14, 10, 11, 0]]],
  "trans_sites":
    [[0, 1, 3, 7, 18, 1],
     [1, 9, 0, 11, 20, 1],
     [2, 11, 1, 4, 19, 1],
     [2, 2, 0, 3, 12, 1],
     [3, 4, 0, 6, 9, 1],
     [3, 8, 4, 6, 1, 1],
     [3, 2, 1, 10, 19, 1],
     [4, 7, 1, 1, 3, 1],
     [4, 5, 1, 6, 3, 1],
     [4, 1, 2, 7, 3, 1]]
}