{
  "directed": true,
  "multigraph": true,
  "graph": {
    "node": {
      "shape": "circle",
      "fontsize": "25"
    },
    "edge": {
      "arrowsize": "0.5",
      "splines": "true"
    },
    "graph": {
      "scale": "1",
      "splines": "spline",
      "rankdir": "LR",
      "ratio": "0.5",
      "overlap": "false"
    }
  },
  "nodes": [
    {
      "id": 0
    },
    {
      "id": 1
    },
    {
      "id": 2
    },
    {
      "id": 3
    },
    {
      "id": 4
    }
  ],
  "links": [
    {
      "pt": 4,
      "capacity": 1,
      "from_pd": 11,
      "to_pd": 1,
      "source": 0,
      "target": 3,
      "key": 0
    },
    {
      "pt": 3,
      "capacity": 1,
      "from_pd": 7,
      "to_pd": 3,
      "source": 1,
      "target": 0,
      "key": 0
    },
    {
      "pt": 7,
      "capacity": 1,
      "from_pd": 3,
      "to_pd": 0,
      "source": 1,
      "target": 0,
      "key": 1
    },
    {
      "pt": 7,
      "capacity": 1,
      "from_pd": 5,
      "to_pd": 11,
      "source": 2,
      "target": 1,
      "key": 0
    },
    {
      "pt": 8,
      "capacity": 1,
      "from_pd": 3,
      "to_pd": 7,
      "source": 2,
      "target": 0,
      "key": 0
    },
    {
      "pt": 8,
      "capacity": 1,
      "from_pd": 0,
      "to_pd": 8,
      "source": 4,
      "target": 1,
      "key": 0
    },
    {
      "pt": 1,
      "capacity": 1,
      "from_pd": 5,
      "to_pd": 5,
      "source": 4,
      "target": 1,
      "key": 1
    },
    {
      "pt": 19,
      "capacity": 1,
      "from_pd": 2,
      "to_pd": 9,
      "source": 4,
      "target": 1,
      "key": 2
    },
    {
      "pt": 17,
      "capacity": 1,
      "from_pd": 3,
      "to_pd": 10,
      "source": 4,
      "target": 1,
      "key": 3
    },
    {
      "pt": 10,
      "capacity": 1,
      "from_pd": 1,
      "to_pd": 4,
      "source": 4,
      "target": 3,
      "key": 0
    }
  ],

  "num_nodes": 5,
  "num_trans_site": 10,
  "flexible": true,
  "node_init_pos": 0,
  "num_node_veh":
    [1, 1, 1, 1, 1],
  "num_pds_in_node":
    [12, 12, 7, 7, 6],
  "node_from_to":
    [[[0, 14, 6, 11, 20, 18, 20, 21, 15, 18, 9, 10],
      [14, 0, 12, 6, 7, 5, 9, 13, 7, 5, 5, 20],
      [6, 12, 0, 12, 18, 15, 15, 16, 11, 16, 8, 8],
      [11, 6, 12, 0, 9, 10, 15, 18, 12, 7, 5, 20],
      [20, 7, 18, 9, 0, 6, 12, 16, 12, 3, 11, 26],
      [18, 5, 15, 10, 6, 0, 7, 11, 7, 5, 9, 23],
      [20, 9, 15, 15, 12, 7, 0, 5, 5, 11, 12, 21],
      [21, 13, 16, 18, 16, 11, 5, 0, 7, 15, 15, 21],
      [15, 7, 11, 12, 12, 7, 5, 7, 0, 10, 8, 18],
      [18, 5, 16, 7, 3, 5, 11, 15, 10, 0, 9, 24],
      [9, 5, 8, 5, 11, 9, 12, 15, 8, 9, 0, 16],
      [10, 20, 8, 20, 26, 23, 21, 21, 18, 24, 16, 0]],
     [[0, 3, 6, 13, 8, 15, 17, 12, 17, 20, 10, 15],
      [3, 0, 6, 11, 8, 13, 15, 9, 14, 18, 9, 13],
      [6, 6, 0, 16, 3, 15, 12, 12, 18, 15, 4, 13],
      [13, 11, 16, 0, 18, 11, 22, 10, 10, 25, 20, 15],
      [8, 8, 3, 18, 0, 14, 9, 12, 17, 12, 3, 12],
      [15, 13, 15, 11, 14, 0, 14, 4, 4, 16, 17, 5],
      [17, 15, 12, 22, 9, 14, 0, 13, 17, 4, 10, 9],
      [12, 9, 12, 10, 12, 4, 13, 0, 6, 16, 14, 6],
      [17, 14, 18, 10, 17, 4, 17, 6, 0, 19, 20, 8],
      [20, 18, 15, 25, 12, 16, 4, 16, 19, 0, 13, 12],
      [10, 9, 4, 20, 3, 17, 10, 14, 20, 13, 0, 14],
      [15, 13, 13, 15, 12, 5, 9, 6, 8, 12, 14, 0]],
     [[0, 11, 11, 2, 15, 12, 9],
      [11, 0, 17, 10, 9, 6, 5],
      [11, 17, 0, 12, 14, 13, 13],
      [2, 10, 12, 0, 14, 12, 8],
      [15, 9, 14, 14, 0, 4, 8],
      [12, 6, 13, 12, 4, 0, 5],
      [9, 5, 13, 8, 8, 5, 0]],
     [[0, 13, 4, 18, 17, 7, 18],
      [13, 0, 10, 8, 12, 9, 6],
      [4, 10, 0, 16, 16, 4, 15],
      [18, 8, 16, 0, 7, 16, 8],
      [17, 12, 16, 7, 0, 17, 14],
      [7, 9, 4, 16, 17, 0, 13],
      [18, 6, 15, 8, 14, 13, 0]],
     [[0, 9, 13, 7, 7, 14],
      [9, 0, 10, 5, 6, 6],
      [13, 10, 0, 14, 14, 10],
      [7, 5, 14, 0, 2, 9],
      [7, 6, 14, 2, 0, 10],
      [14, 6, 10, 9, 10, 0]]],
  "trans_sites":
    [[0, 11, 3, 1, 4, 1],
     [1, 7, 0, 3, 3, 1],
     [1, 3, 0, 0, 3, 1],
     [2, 5, 1, 11, 7, 1],
     [2, 3, 0, 7, 8, 1],
     [4, 0, 1, 8, 8, 1],
     [4, 5, 1, 5, 8, 1],
     [4, 2, 1, 9, 8, 1],
     [4, 3, 1, 10, 8, 1],
     [4, 1, 3, 4, 10, 1]]
}